-34.8997371,-56.1289509
-34.8498536,-56.097085

94
-34.888326956253415,-56.2553215579974
-34.88757717675729,-56.256575873186996
-34.88453340075457,-56.24698436313225
-34.89154108373834,-56.25156066349434
-34.89409645938706,-56.25506155246507
-34.88650480656031,-56.26112700084566
-34.89387864670813,-56.2548336897889
-34.89380315636306,-56.25428715702767
-34.8863518216947,-56.25379637430391
-34.88542993838631,-56.253678345875976
-34.892780472956204,-56.247828421590846
-34.889948600919936,-56.253610644086905
-34.8850237805284,-56.25045979429177
-34.890577784607196,-56.25154094771856
-34.8866141741606,-56.26201424779506
-34.89124608459328,-56.25344569317811
-34.88816185703668,-56.25339698934557
-34.88839681121032,-56.25494884580541
-34.887469628579744,-56.24788776842838
-34.88760311666293,-56.24902427951434
-34.887905951438746,-56.25137475882314
-34.88692143178073,-56.251110105498086
-34.88569825252789,-56.24870276062284
-34.88718669390687,-56.253186942636965
-34.89275431585006,-56.25382603715918
-34.891105102656994,-56.24812823448665
-34.88627134362104,-56.24659643913434
-34.88513805070819,-56.25144363507805
-34.88648814816302,-56.24811557751055
-34.886636110738664,-56.25457077994318
-34.885915706127875,-56.250331319085305
-34.892717830377194,-56.246450036005335
-34.88922757184993,-56.24781702839708
-34.889322817257984,-56.24863693565915
-34.888414279934196,-56.24895987723585
-34.89173710043569,-56.246798255469635
-34.89213163648468,-56.24898089823447
-34.89250938540531,-56.25212097408062
-34.89022712894439,-56.2488304485566
-34.88809799896904,-56.25181075697649
-34.8862217808017,-56.25907220137978
-34.88531946742979,-56.253083461417596
-34.892450030803666,-56.25126787521313
-34.89438915448575,-56.25573745775711
-34.89284911597322,-56.2545803273322
-34.88575629364521,-56.26260008855945
-34.88659878238091,-56.26337249546583
-34.88550965807525,-56.24736941078606
-34.886685886282415,-56.2494707469788
-34.888695522592236,-56.25073287079717
-34.88831951307692,-56.24825210238319
-34.89376397296684,-56.24809461851951
-34.893866709631425,-56.24888999162034
-34.886012481755834,-56.251402877577775
-34.893014282391974,-56.24918336520213
-34.88950156964868,-56.249839115177345
-34.890679508737485,-56.252225107819456
-34.884283538726685,-56.25179061761594
-34.88635448036661,-56.26013250744846
-34.88661046218934,-56.26198839505876
-34.883754422782914,-56.24787784787852
-34.89410327441626,-56.25165763354036
-34.89350635236283,-56.25294369931678
-34.88768776838952,-56.249625786323904
-34.887187795501525,-56.254194353805794
-34.885569877661226,-56.25568566838673
-34.88973859301097,-56.25171928040943
-34.88444268224698,-56.25274121839185
-34.88466688466975,-56.248154051803695
-34.89006823971863,-56.25459396311769
-34.89360106108109,-56.246918849849685
-34.88404063496057,-56.24976930877724
-34.89286659765567,-56.24832683238073
-34.89001747192602,-56.24733175227485
-34.89170388135193,-56.2524689742018
-34.88484577881886,-56.25568046103396
-34.88467599029121,-56.25437334822993
-34.88936070523659,-56.252738498349565
-34.88901170304968,-56.25382397162049
-34.89080407306506,-56.24678124024183
-34.8866710718957,-56.26335883848252
-34.892568119797595,-56.251990587666754
-34.88722467366678,-56.246383521321924
-34.88993658504707,-56.24695988073232
-34.89391883208925,-56.24930484744061
-34.89135550751683,-56.24993377417958
-34.893610465196545,-56.2517658268242
-34.893835107717706,-56.254137355623755
-34.89354396693262,-56.25310866529348
-34.891286811595705,-56.249471165998386
-34.89415248422555,-56.25093115663841
-34.89415089577747,-56.25165248155496
-34.89360496660418,-56.24695626760277
-34.88462076558069,-56.25391441784133

9.6657386573
3.7204948842
12.6269572977
5.4087822219
26.9281670955
4.4569556023
14.042696284
15.0112244038
5.3448152438
8.1615469468
13.1453051104
4.6037986203
5.1770364841
4.7055531607
4.6326065404
3.2214645993
5.2084522719
5.2111261549
6.2029924479
13.0959567281
10.3267591225
8.2189517664
6.0171471945
6.5216944857
6.407029703
6.6565635063
6.2645535976
5.949960102
8.1079285744
6.5894393137
4.7457653521
22.1212696093
6.7992142877
8.6270955063
7.9963931198
11.3669422302
9.9984182016
7.9464295309
4.6699486543
8.4967423454
18.1106491013
5.7308163102
7.2901497474
79.1437526583
5.73093920654
7.0078349955
7.4658413955
6.5961667127
7.1312842982
6.1592769431
14.3023124872
52.7642885322
17.3694169038
4.6618338361
7.2602113632
4.8436494965
6.1012652256
6.4095628994
8.94670654941
4.7595044073
3.8977045728
8.7202005344
7.70212675239
7.1948213576
7.8326049337
3.5647779711
4.619634155
6.6696464813
4.3424152324
3.5694782371
16.5925362127
3.5604092558
13.0191528663
7.7590153375
6.4613144861
4.7474077686
9.0272539656
4.7261866676
8.5064578153
8.6128398999
7.6425758634
9.1539499594
2.7851005355
7.2501927259
10.4899875833
5.2166942311
12.571485182
11.3410344103
6.9658935211
6.5544356584
7.2708649127
8.7453552504
16.7113648849
11.3558022532

1732
1722
1635
1731
1857
1733
1822
1861
1666
1659
1702
1732
1628
1725
1737
1739
1689
1697
1641
1646
1664
1657
1618
1657
1749
1678
1645
1647
1621
1684
1633
1674
1665
1668
1664
1676
1695
1725
1676
1698
1723
1679
1736
1852
1767
1765
1766
1636
1629
1694
1661
1722
1740
1653
1716
1682
1735
1643
1728
1737
1625
1750
1753
1649
1690
1700
1720
1663
1609
1736
1688
1612
1705
1668
1721
1679
1657
1696
1728
1660
1767
1714
1651
1655
1743
1695
1746
1785
1750
1692
1771
1750
1688
1654

1778
1768
1641
1811
1901
1846
1922
1897
1760
1752
1762
1832
1741
1808
1842
1833
1768
1776
1683
1714
1752
1771
1676
1722
1844
1766
1660
1761
1678
1778
1747
1733
1722
1757
1753
1734
1808
1819
1765
1789
1856
1748
1818
1905
1861
1861
1865
1669
1717
1808
1719
1785
1804
1766
1794
1795
1803
1757
1851
1842
1640
1823
1848
1717
1784
1784
1803
1746
1666
1829
1747
1701
1764
1725
1815
1772
1750
1760
1811
1688
1865
1779
1670
1683
1806
1808
1819
1878
1839
1805
1843
1824
1747
1747

0 1 10
0 2 220
0 3 123
0 4 180
0 5 46
0 6 136
0 7 184
0 8 76
0 9 89
0 10 183
0 11 55
0 12 155
0 13 119
0 14 50
0 15 91
0 16 41
0 17 34
0 18 146
0 19 114
0 20 77
0 21 125
0 22 178
0 23 88
0 24 90
0 25 166
0 26 201
0 27 135
0 28 176
0 29 58
0 30 149
0 31 207
0 32 185
0 33 155
0 34 150
0 35 203
0 36 148
0 37 105
0 38 158
0 39 87
0 40 36
0 41 112
0 42 129
0 43 194
0 44 90
0 45 86
0 46 68
0 47 211
0 48 143
0 49 112
0 50 178
0 51 188
0 52 191
0 53 129
0 54 151
0 55 135
0 56 115
0 57 139
0 58 41
0 59 50
0 60 220
0 61 130
0 62 115
0 63 112
0 64 66
0 65 58
0 66 114
0 67 120
0 68 188
0 69 48
0 70 221
0 71 159
0 72 181
0 73 192
0 74 101
0 75 79
0 76 101
0 77 76
0 78 55
0 79 193
0 80 67
0 81 94
0 82 180
0 83 188
0 84 188
0 85 148
0 86 126
0 87 133
0 88 130
0 89 145
0 90 151
0 91 130
0 92 221
0 93 104
1 0 10
1 2 231
1 3 134
1 4 191
1 5 36
1 6 147
1 7 195
1 8 87
1 9 100
1 10 194
1 11 66
1 12 165
1 13 130
1 14 40
1 15 102
1 16 52
1 17 45
1 18 157
1 19 125
1 20 88
1 21 135
1 22 189
1 23 98
1 24 101
1 25 177
1 26 212
1 27 145
1 28 187
1 29 69
1 30 159
1 31 218
1 32 196
1 33 166
1 34 161
1 35 214
1 36 159
1 37 116
1 38 169
1 39 98
1 40 26
1 41 122
1 42 140
1 43 184
1 44 101
1 45 76
1 46 58
1 47 222
1 48 154
1 49 123
1 50 189
1 51 199
1 52 202
1 53 139
1 54 162
1 55 146
1 56 126
1 57 149
1 58 31
1 59 40
1 60 231
1 61 141
1 62 126
1 63 123
1 64 77
1 65 69
1 66 125
1 67 130
1 68 199
1 69 59
1 70 232
1 71 170
1 72 192
1 73 203
1 74 112
1 75 90
1 76 112
1 77 87
1 78 66
1 79 204
1 80 57
1 81 105
1 82 191
1 83 199
1 84 199
1 85 159
1 86 137
1 87 144
1 88 141
1 89 156
1 90 162
1 91 141
1 92 232
1 93 115
2 0 225
2 1 235
2 3 226
2 4 362
2 5 271
2 6 327
2 7 366
2 8 211
2 9 194
2 10 161
2 11 242
2 12 116
2 13 220
2 14 275
2 15 244
2 16 183
2 17 191
2 18 78
2 19 110
2 20 147
2 21 161
2 22 59
2 23 185
2 24 254
2 25 147
2 26 17
2 27 135
2 28 66
2 29 229
2 30 132
2 31 117
2 32 97
2 33 133
2 34 125
2 35 119
2 36 189
2 37 230
2 38 146
2 39 181
2 40 261
2 41 159
2 42 230
2 43 425
2 44 272
2 45 311
2 46 293
2 47 19
2 48 106
2 49 181
2 50 90
2 51 170
2 52 188
2 53 152
2 54 193
2 55 172
2 56 225
2 57 158
2 58 266
2 59 275
2 60 26
2 61 241
2 62 258
2 63 113
2 64 218
2 65 232
2 66 210
2 67 177
2 68 39
2 69 241
2 70 131
2 71 100
2 72 163
2 73 105
2 74 226
2 75 240
2 76 218
2 77 201
2 78 222
2 79 76
2 80 292
2 81 219
2 82 27
2 83 71
2 84 191
2 85 190
2 86 237
2 87 273
2 88 238
2 89 186
2 90 227
2 91 241
2 92 131
2 93 215
3 0 141
3 1 151
3 2 225
3 4 191
3 5 188
3 6 148
3 7 195
3 8 128
3 9 131
3 10 125
3 11 98
3 12 157
3 13 40
3 14 192
3 15 62
3 16 99
3 17 106
3 18 160
3 19 128
3 20 91
3 21 127
3 22 191
3 23 90
3 24 84
3 25 79
3 26 206
3 27 137
3 28 188
3 29 146
3 30 151
3 31 166
3 32 145
3 33 108
3 34 113
3 35 141
3 36 64
3 37 60
3 38 99
3 39 83
3 40 178
3 41 114
3 42 40
3 43 254
3 44 101
3 45 228
3 46 210
3 47 224
3 48 149
3 49 90
3 50 148
3 51 140
3 52 122
3 53 131
3 54 93
3 55 82
3 56 44
3 57 141
3 58 183
3 59 192
3 60 233
3 61 85
3 62 84
3 63 103
3 64 134
3 65 148
3 66 64
3 67 122
3 68 201
3 69 103
3 70 178
3 71 165
3 72 123
3 73 140
3 74 37
3 75 161
3 76 139
3 77 51
3 78 105
3 79 150
3 80 209
3 81 49
3 82 196
3 83 164
3 84 119
3 85 36
3 86 81
3 87 120
3 88 85
3 89 39
3 90 99
3 91 85
3 92 178
3 93 136
4 0 164
4 1 175
4 2 292
4 3 135
4 5 211
4 6 26
4 7 4
4 8 206
4 9 219
4 10 140
4 11 120
4 12 236
4 13 147
4 14 215
4 15 99
4 16 168
4 17 161
4 18 240
4 19 208
4 20 171
4 21 206
4 22 260
4 23 169
4 24 61
4 25 174
4 26 272
4 27 216
4 28 258
4 29 188
4 30 230
4 31 183
4 32 214
4 33 183
4 34 188
4 35 202
4 36 162
4 37 85
4 38 176
4 39 180
4 40 201
4 41 193
4 42 121
4 43 147
4 44 61
4 45 245
4 46 232
4 47 284
4 48 224
4 49 169
4 50 217
4 51 154
4 52 136
4 53 210
4 54 107
4 55 182
4 56 142
4 57 220
4 58 206
4 59 215
4 60 293
4 61 84
4 62 86
4 63 178
4 64 196
4 65 188
4 66 143
4 67 201
4 68 270
4 69 99
4 70 193
4 71 240
4 72 137
4 73 211
4 74 98
4 75 209
4 76 218
4 77 130
4 78 140
4 79 213
4 80 231
4 81 85
4 82 251
4 83 218
4 84 133
4 85 172
4 86 80
4 87 5
4 88 62
4 89 175
4 90 97
4 91 85
4 92 192
4 93 215
5 0 45
5 1 35
5 2 266
5 3 169
5 4 152
5 6 182
5 7 156
5 8 122
5 9 135
5 10 229
5 11 101
5 12 200
5 13 165
5 14 4
5 15 137
5 16 87
5 17 80
5 18 192
5 19 160
5 20 123
5 21 170
5 22 224
5 23 133
5 24 136
5 25 212
5 26 247
5 27 180
5 28 222
5 29 104
5 30 194
5 31 253
5 32 231
5 33 201
5 34 196
5 35 249
5 36 194
5 37 151
5 38 204
5 39 133
5 40 10
5 41 157
5 42 175
5 43 148
5 44 136
5 45 42
5 46 22
5 47 257
5 48 189
5 49 158
5 50 224
5 51 234
5 52 237
5 53 174
5 54 197
5 55 181
5 56 161
5 57 184
5 58 5
5 59 4
5 60 266
5 61 176
5 62 161
5 63 158
5 64 112
5 65 104
5 66 160
5 67 165
5 68 234
5 69 94
5 70 267
5 71 205
5 72 227
5 73 238
5 74 147
5 75 125
5 76 147
5 77 122
5 78 101
5 79 239
5 80 21
5 81 140
5 82 226
5 83 234
5 84 234
5 85 194
5 86 172
5 87 157
5 88 176
5 89 191
5 90 197
5 91 176
5 92 267
5 93 150
6 0 185
6 1 196
6 2 344
6 3 155
6 4 59
6 5 192
6 7 63
6 8 227
6 9 239
6 10 199
6 11 140
6 12 267
6 13 167
6 14 188
6 15 121
6 16 189
6 17 182
6 18 271
6 19 239
6 20 202
6 21 237
6 22 303
6 23 200
6 24 78
6 25 235
6 26 326
6 27 247
6 28 301
6 29 209
6 30 261
6 31 242
6 32 288
6 33 251
6 34 256
6 35 256
6 36 179
6 37 102
6 38 241
6 39 211
6 40 202
6 41 224
6 42 139
6 43 121
6 44 60
6 45 219
6 46 206
6 47 335
6 48 268
6 49 200
6 50 291
6 51 213
6 52 195
6 53 241
6 54 166
6 55 213
6 56 162
6 57 251
6 58 197
6 59 188
6 60 344
6 61 143
6 62 103
6 63 236
6 64 217
6 65 208
6 66 174
6 67 232
6 68 313
6 69 119
6 70 252
6 71 284
6 72 196
6 73 282
6 74 118
6 75 229
6 76 249
6 77 161
6 78 160
6 79 272
6 80 205
6 81 103
6 82 305
6 83 277
6 84 192
6 85 192
6 86 139
6 87 63
6 88 121
6 89 195
6 90 156
6 91 144
6 92 251
6 93 246
7 0 160
7 1 171
7 2 288
7 3 131
7 4 81
7 5 207
7 6 22
7 8 202
7 9 215
7 10 136
7 11 116
7 12 232
7 13 143
7 14 211
7 15 95
7 16 164
7 17 157
7 18 236
7 19 204
7 20 167
7 21 202
7 22 256
7 23 165
7 24 57
7 25 170
7 26 268
7 27 212
7 28 254
7 29 184
7 30 226
7 31 179
7 32 210
7 33 179
7 34 184
7 35 198
7 36 158
7 37 81
7 38 172
7 39 176
7 40 197
7 41 189
7 42 117
7 43 143
7 44 57
7 45 241
7 46 228
7 47 280
7 48 220
7 49 165
7 50 213
7 51 150
7 52 132
7 53 206
7 54 103
7 55 178
7 56 138
7 57 216
7 58 202
7 59 211
7 60 289
7 61 80
7 62 82
7 63 174
7 64 192
7 65 184
7 66 139
7 67 197
7 68 266
7 69 95
7 70 189
7 71 236
7 72 133
7 73 207
7 74 94
7 75 205
7 76 214
7 77 126
7 78 136
7 79 209
7 80 227
7 81 81
7 82 247
7 83 214
7 84 129
7 85 168
7 86 76
7 87 1
7 88 58
7 89 171
7 90 93
7 91 81
7 92 188
7 93 211
8 0 87
8 1 98
8 2 217
8 3 128
8 4 242
8 5 134
8 6 207
8 7 246
8 9 45
8 10 188
8 11 103
8 12 105
8 13 124
8 14 138
8 15 124
8 16 74
8 17 82
8 18 162
8 19 130
8 20 93
8 21 83
8 22 152
8 23 42
8 24 134
8 25 182
8 26 217
8 27 85
8 28 178
8 29 18
8 30 79
8 31 223
8 32 201
8 33 171
8 34 166
8 35 219
8 36 164
8 37 110
8 38 174
8 39 103
8 40 124
8 41 62
8 42 134
8 43 305
8 44 152
8 45 174
8 46 156
8 47 192
8 48 138
8 49 135
8 50 194
8 51 193
8 52 196
8 53 60
8 54 156
8 55 157
8 56 120
8 57 89
8 58 129
8 59 138
8 60 221
8 61 135
8 62 138
8 63 128
8 64 24
8 65 49
8 66 119
8 67 70
8 68 182
8 69 121
8 70 231
8 71 146
8 72 186
8 73 208
8 74 106
8 75 66
8 76 63
8 77 81
8 78 83
8 79 209
8 80 155
8 81 99
8 82 196
8 83 204
8 84 193
8 85 164
8 86 131
8 87 170
8 88 135
8 89 167
8 90 156
8 91 135
8 92 231
8 93 66
9 0 99
9 1 110
9 2 194
9 3 131
9 4 245
9 5 146
9 6 210
9 7 249
9 8 54
9 10 191
9 11 125
9 12 78
9 13 127
9 14 150
9 15 127
9 16 77
9 17 85
9 18 165
9 19 133
9 20 96
9 21 101
9 22 172
9 23 45
9 24 137
9 25 185
9 26 225
9 27 59
9 28 195
9 29 43
9 30 100
9 31 226
9 32 204
9 33 174
9 34 169
9 35 222
9 36 167
9 37 113
9 38 177
9 39 106
9 40 136
9 41 35
9 42 137
9 43 308
9 44 155
9 45 186
9 46 168
9 47 212
9 48 156
9 49 138
9 50 197
9 51 196
9 52 199
9 53 80
9 54 159
9 55 160
9 56 123
9 57 82
9 58 141
9 59 150
9 60 214
9 61 138
9 62 141
9 63 131
9 64 46
9 65 42
9 66 122
9 67 63
9 68 155
9 69 124
9 70 234
9 71 139
9 72 189
9 73 211
9 74 109
9 75 48
9 76 45
9 77 84
9 78 104
9 79 212
9 80 167
9 81 102
9 82 199
9 83 207
9 84 196
9 85 167
9 86 134
9 87 173
9 88 138
9 89 170
9 90 159
9 91 138
9 92 234
9 93 48
10 0 185
10 1 195
10 2 153
10 3 97
10 4 218
10 5 232
10 6 163
10 7 222
10 8 172
10 9 175
10 11 144
10 12 133
10 13 103
10 14 236
10 15 132
10 16 143
10 17 150
10 18 100
10 19 88
10 20 107
10 21 142
10 22 120
10 23 134
10 24 114
10 25 56
10 26 133
10 27 152
10 28 118
10 29 190
10 30 128
10 31 44
10 32 74
10 33 65
10 34 70
10 35 62
10 36 66
10 37 107
10 38 58
10 39 144
10 40 222
10 41 158
10 42 74
10 43 276
10 44 132
10 45 272
10 46 254
10 47 145
10 48 106
10 49 105
10 50 77
10 51 46
10 52 58
10 53 148
10 54 33
10 55 83
10 56 99
10 57 158
10 58 227
10 59 236
10 60 154
10 61 81
10 62 88
10 63 60
10 64 178
10 65 192
10 66 108
10 67 166
10 68 130
10 69 147
10 70 58
10 71 122
10 72 2
10 73 71
10 74 113
10 75 205
10 76 183
10 77 95
10 78 149
10 79 74
10 80 253
10 81 76
10 82 112
10 83 79
10 84 61
10 85 76
10 86 77
10 87 112
10 88 78
10 89 73
10 90 102
10 91 81
10 92 58
10 93 180
11 0 106
11 1 116
11 2 242
11 3 97
11 4 170
11 5 152
11 6 126
11 7 174
11 8 103
11 9 125
11 10 160
11 12 177
11 13 79
11 14 156
11 15 36
11 16 64
11 17 71
11 18 169
11 19 137
11 20 100
11 21 143
11 22 201
11 23 110
11 24 80
11 25 176
11 26 224
11 27 157
11 28 199
11 29 101
11 30 171
11 31 204
11 32 172
11 33 136
11 34 141
11 35 223
11 36 146
11 37 82
11 38 154
11 39 86
11 40 142
11 41 134
11 42 106
11 43 233
11 44 80
11 45 192
11 46 174
11 47 233
11 48 165
11 49 86
11 50 177
11 51 165
11 52 168
11 53 151
11 54 128
11 55 97
11 56 75
11 57 161
11 58 147
11 59 156
11 60 242
11 61 107
11 62 80
11 63 134
11 64 79
11 65 113
11 66 59
11 67 142
11 68 211
11 69 21
11 70 203
11 71 181
11 72 158
11 73 195
11 74 60
11 75 134
11 76 142
11 77 64
11 78 20
11 79 215
11 80 173
11 81 71
11 82 203
11 83 210
11 84 165
11 85 133
11 86 103
11 87 123
11 88 115
11 89 136
11 90 128
11 91 108
11 92 203
11 93 145
12 0 171
12 1 181
12 2 116
12 3 150
12 4 296
12 5 217
12 6 261
12 7 300
12 8 105
12 9 78
12 10 150
12 11 171
12 13 144
12 14 221
12 15 178
12 16 128
12 17 136
12 18 124
12 19 92
12 20 83
12 21 63
12 22 110
12 23 96
12 24 188
12 25 132
12 26 147
12 27 19
12 28 117
12 29 123
12 30 47
12 31 188
12 32 158
12 33 121
12 34 116
12 35 176
12 36 114
12 37 164
12 38 124
12 39 119
12 40 207
12 41 43
12 42 155
12 43 359
12 44 206
12 45 257
12 46 239
12 47 149
12 48 77
12 49 113
12 50 151
12 51 157
12 52 157
12 53 43
12 54 135
12 55 101
12 56 148
12 57 43
12 58 212
12 59 221
12 60 136
12 61 189
12 62 192
12 63 77
12 64 124
12 65 120
12 66 139
12 67 62
12 68 77
12 69 175
12 70 195
12 71 61
12 72 147
12 73 165
12 74 160
12 75 125
12 76 104
12 77 135
12 78 167
12 79 174
12 80 238
12 81 153
12 82 157
12 83 169
12 84 160
12 85 114
12 86 185
12 87 224
12 88 189
12 89 111
12 90 196
12 91 189
12 92 195
12 93 101
13 0 138
13 1 148
13 2 226
13 3 39
13 4 199
13 5 185
13 6 159
13 7 203
13 8 125
13 9 128
13 10 133
13 11 79
13 12 154
13 14 189
13 15 61
13 16 96
13 17 103
13 18 157
13 19 125
13 20 88
13 21 123
13 22 184
13 23 87
13 24 91
13 25 100
13 26 207
13 27 134
13 28 181
13 29 143
13 30 148
13 31 169
13 32 135
13 33 99
13 34 106
13 35 159
13 36 82
13 37 67
13 38 75
13 39 61
13 40 175
13 41 111
13 42 58
13 43 262
13 44 109
13 45 225
13 46 207
13 47 221
13 48 142
13 49 63
13 50 141
13 51 140
13 52 140
13 53 128
13 54 113
13 55 60
13 56 5
13 57 138
13 58 180
13 59 189
13 60 230
13 61 92
13 62 95
13 63 96
13 64 131
13 65 145
13 66 38
13 67 119
13 68 193
13 69 85
13 70 178
13 71 158
13 72 130
13 73 115
13 74 63
13 75 158
13 76 136
13 77 48
13 78 99
13 79 155
13 80 206
13 81 56
13 82 190
13 83 149
13 84 137
13 85 57
13 86 88
13 87 127
13 88 92
13 89 60
13 90 113
13 91 92
13 92 178
13 93 133
14 0 50
14 1 40
14 2 271
14 3 174
14 4 148
14 5 4
14 6 174
14 7 152
14 8 127
14 9 140
14 10 234
14 11 106
14 12 205
14 13 170
14 15 142
14 16 92
14 17 85
14 18 197
14 19 165
14 20 128
14 21 175
14 22 229
14 23 138
14 24 141
14 25 217
14 26 252
14 27 185
14 28 227
14 29 109
14 30 199
14 31 258
14 32 236
14 33 206
14 34 201
14 35 254
14 36 199
14 37 156
14 38 209
14 39 138
14 40 14
14 41 162
14 42 180
14 43 144
14 44 141
14 45 36
14 46 18
14 47 262
14 48 194
14 49 163
14 50 229
14 51 239
14 52 242
14 53 179
14 54 202
14 55 186
14 56 166
14 57 189
14 58 9
14 59 0
14 60 271
14 61 181
14 62 166
14 63 163
14 64 117
14 65 109
14 66 165
14 67 170
14 68 239
14 69 99
14 70 272
14 71 210
14 72 232
14 73 243
14 74 152
14 75 130
14 76 152
14 77 127
14 78 106
14 79 244
14 80 17
14 81 145
14 82 231
14 83 239
14 84 239
14 85 199
14 86 177
14 87 153
14 88 181
14 89 196
14 90 202
14 91 181
14 92 272
14 93 155
15 0 142
15 1 152
15 2 255
15 3 61
15 4 152
15 5 188
15 6 117
15 7 156
15 8 139
15 9 161
15 10 162
15 11 36
15 12 179
15 13 61
15 14 192
15 16 100
15 17 107
15 18 182
15 19 150
15 20 113
15 21 148
15 22 214
15 23 112
15 24 44
15 25 140
15 26 237
15 27 159
15 28 212
15 29 137
15 30 173
15 31 205
15 32 194
15 33 158
15 34 177
15 35 200
15 36 123
15 37 46
15 38 136
15 39 122
15 40 178
15 41 136
15 42 83
15 43 215
15 44 62
15 45 228
15 46 210
15 47 246
15 48 179
15 49 112
15 50 213
15 51 180
15 52 162
15 53 153
15 54 129
15 55 119
15 56 57
15 57 163
15 58 183
15 59 192
15 60 255
15 61 106
15 62 44
15 63 147
15 64 115
15 65 149
15 66 81
15 67 144
15 68 224
15 69 43
15 70 218
15 71 195
15 72 159
15 73 177
15 74 24
15 75 170
15 76 161
15 77 73
15 78 56
15 79 211
15 80 209
15 81 47
15 82 216
15 83 210
15 84 159
15 85 97
15 86 102
15 87 114
15 88 79
15 89 100
15 90 122
15 91 107
15 92 218
15 93 158
16 0 42
16 1 52
16 2 178
16 3 82
16 4 196
16 5 88
16 6 161
16 7 200
16 8 59
16 9 87
16 10 142
16 11 59
16 12 113
16 13 78
16 14 92
16 15 78
16 17 7
16 18 105
16 19 73
16 20 36
16 21 83
16 22 137
16 23 46
16 24 88
16 25 125
16 26 160
16 27 93
16 28 135
16 29 50
16 30 107
16 31 165
16 32 144
16 33 114
16 34 109
16 35 162
16 36 107
16 37 64
16 38 117
16 39 46
16 40 78
16 41 70
16 42 88
16 43 236
16 44 106
16 45 128
16 46 110
16 47 169
16 48 102
16 49 72
16 50 137
16 51 147
16 52 150
16 53 87
16 54 110
16 55 94
16 56 74
16 57 97
16 58 83
16 59 92
16 60 178
16 61 89
16 62 92
16 63 70
16 64 35
16 65 49
16 66 73
16 67 78
16 68 147
16 69 75
16 70 179
16 71 118
16 72 140
16 73 151
16 74 60
16 75 70
16 76 95
16 77 35
16 78 39
16 79 151
16 80 109
16 81 53
16 82 139
16 83 146
16 84 147
16 85 107
16 86 85
16 87 124
16 88 89
16 89 104
16 90 110
16 91 89
16 92 179
16 93 92
17 0 35
17 1 45
17 2 186
17 3 90
17 4 204
17 5 81
17 6 164
17 7 208
17 8 61
17 9 73
17 10 150
17 11 41
17 12 121
17 13 86
17 14 85
17 15 77
17 16 7
17 18 112
17 19 81
17 20 43
17 21 91
17 22 144
17 23 54
17 24 96
17 25 132
17 26 167
17 27 101
17 28 142
17 29 43
17 30 115
17 31 173
17 32 151
17 33 121
17 34 116
17 35 169
17 36 114
17 37 72
17 38 124
17 39 53
17 40 71
17 41 78
17 42 96
17 43 229
17 44 114
17 45 121
17 46 103
17 47 177
17 48 109
17 49 79
17 50 144
17 51 155
17 52 158
17 53 95
17 54 118
17 55 101
17 56 82
17 57 105
17 58 76
17 59 85
17 60 186
17 61 97
17 62 100
17 63 78
17 64 55
17 65 42
17 66 81
17 67 86
17 68 154
17 69 62
17 70 187
17 71 125
17 72 148
17 73 158
17 74 68
17 75 63
17 76 85
17 77 43
17 78 21
17 79 159
17 80 102
17 81 61
17 82 146
17 83 154
17 84 155
17 85 114
17 86 93
17 87 132
17 88 97
17 89 111
17 90 118
17 91 97
17 92 187
17 93 88
18 0 147
18 1 157
18 2 74
18 3 147
18 4 283
18 5 193
18 6 248
18 7 287
18 8 144
18 9 147
18 10 100
18 11 164
18 12 107
18 13 141
18 14 197
18 15 165
18 16 105
18 17 112
18 19 32
18 20 69
18 21 98
18 22 52
18 23 106
18 24 175
18 25 75
18 26 55
18 27 126
18 28 50
18 29 162
18 30 101
18 31 61
18 32 52
18 33 66
18 34 62
18 35 64
18 36 111
18 37 151
18 38 73
18 39 102
18 40 183
18 41 130
18 42 152
18 43 346
18 44 193
18 45 233
18 46 215
18 47 65
18 48 68
18 49 110
18 50 48
18 51 120
18 52 138
18 53 119
18 54 133
18 55 98
18 56 145
18 57 132
18 58 188
18 59 197
18 60 74
18 61 176
18 62 179
18 63 34
18 64 140
18 65 154
18 66 136
18 67 139
18 68 62
18 69 162
18 70 75
18 71 81
18 72 103
18 73 55
18 74 147
18 75 178
18 76 156
18 77 122
18 78 144
18 79 47
18 80 214
18 81 140
18 82 34
18 83 42
18 84 141
18 85 111
18 86 172
18 87 212
18 88 177
18 89 108
18 90 178
18 91 177
18 92 75
18 93 153
19 0 115
19 1 125
19 2 105
19 3 115
19 4 252
19 5 161
19 6 217
19 7 256
19 8 113
19 9 116
19 10 84
19 11 132
19 12 75
19 13 109
19 14 165
19 15 134
19 16 73
19 17 81
19 18 32
19 20 37
19 21 67
19 22 64
19 23 75
19 24 144
19 25 60
19 26 87
19 27 94
19 28 62
19 29 131
19 30 69
19 31 92
19 32 71
19 33 51
19 34 47
19 35 89
19 36 79
19 37 120
19 38 58
19 39 71
19 40 151
19 41 99
19 42 120
19 43 315
19 44 162
19 45 201
19 46 183
19 47 96
19 48 47
19 49 78
19 50 64
19 51 105
19 52 123
19 53 88
19 54 101
19 55 66
19 56 113
19 57 100
19 58 156
19 59 165
19 60 105
19 61 145
19 62 148
19 63 3
19 64 108
19 65 122
19 66 104
19 67 108
19 68 74
19 69 131
19 70 106
19 71 64
19 72 87
19 73 78
19 74 116
19 75 147
19 76 125
19 77 91
19 78 112
19 79 78
19 80 182
19 81 109
19 82 66
19 83 73
19 84 126
19 85 79
19 86 141
19 87 181
19 88 146
19 89 76
19 90 163
19 91 146
19 92 106
19 93 122
20 0 78
20 1 88
20 2 143
20 3 100
20 4 214
20 5 124
20 6 179
20 7 218
20 8 75
20 9 78
20 10 107
20 11 95
20 12 93
20 13 96
20 14 128
20 15 96
20 16 36
20 17 43
20 18 69
20 19 37
20 21 39
20 22 101
20 23 37
20 24 106
20 25 89
20 26 124
20 27 84
20 28 99
20 29 93
20 30 79
20 31 130
20 32 108
20 33 78
20 34 73
20 35 126
20 36 71
20 37 82
20 38 81
20 39 33
20 40 114
20 41 61
20 42 106
20 43 277
20 44 124
20 45 164
20 46 146
20 47 134
20 48 66
20 49 36
20 50 101
20 51 114
20 52 114
20 53 59
20 54 92
20 55 58
20 56 92
20 57 89
20 58 119
20 59 128
20 60 143
20 61 107
20 62 110
20 63 35
20 64 71
20 65 85
20 66 75
20 67 70
20 68 111
20 69 93
20 70 144
20 71 82
20 72 104
20 73 115
20 74 78
20 75 109
20 76 87
20 77 53
20 78 75
20 79 116
20 80 145
20 81 71
20 82 103
20 83 111
20 84 117
20 85 71
20 86 103
20 87 143
20 88 108
20 89 68
20 90 128
20 91 108
20 92 144
20 93 84
21 0 141
21 1 151
21 2 166
21 3 142
21 4 266
21 5 187
21 6 231
21 7 270
21 8 83
21 9 101
21 10 160
21 11 143
21 12 63
21 13 121
21 14 191
21 15 147
21 16 98
21 17 106
21 18 128
21 19 96
21 20 59
21 22 116
21 23 60
21 24 158
21 25 142
21 26 135
21 27 58
21 28 95
21 29 101
21 30 43
21 31 196
21 32 168
21 33 131
21 34 117
21 35 186
21 36 124
21 37 134
21 38 134
21 39 59
21 40 177
21 41 66
21 42 158
21 43 329
21 44 176
21 45 227
21 46 209
21 47 155
21 48 55
21 49 76
21 50 153
21 51 167
21 52 167
21 53 39
21 54 145
21 55 98
21 56 125
21 57 79
21 58 182
21 59 191
21 60 165
21 61 159
21 62 162
21 63 86
21 64 80
21 65 119
21 66 101
21 67 82
21 68 127
21 69 144
21 70 205
21 71 91
21 72 157
21 73 175
21 74 130
21 75 131
21 76 109
21 77 104
21 78 123
21 79 182
21 80 208
21 81 123
21 82 156
21 83 177
21 84 170
21 85 124
21 86 155
21 87 194
21 88 159
21 89 121
21 90 179
21 91 159
21 92 205
21 93 106
22 0 194
22 1 204
22 2 64
22 3 190
22 4 331
22 5 240
22 6 296
22 7 335
22 8 152
22 9 172
22 10 135
22 11 211
22 12 110
22 13 184
22 14 244
22 15 213
22 16 152
22 17 160
22 18 76
22 19 79
22 20 117
22 21 115
22 23 163
22 24 223
22 25 111
22 26 64
22 27 114
22 28 57
22 29 170
22 30 73
22 31 109
22 32 100
22 33 101
22 34 98
22 35 112
22 36 154
22 37 199
22 38 109
22 39 150
22 40 230
22 41 138
22 42 195
22 43 386
22 44 241
22 45 280
22 46 262
22 47 40
22 48 62
22 49 153
22 50 97
22 51 155
22 52 173
22 53 93
22 54 168
22 55 140
22 56 188
22 57 135
22 58 235
22 59 244
22 60 68
22 61 216
22 62 223
22 63 82
22 64 176
22 65 201
22 66 178
22 67 154
22 68 59
22 69 210
22 70 123
22 71 78
22 72 138
22 73 104
22 74 195
22 75 218
22 76 196
22 77 170
22 78 191
22 79 95
22 80 261
22 81 188
22 82 74
22 83 90
22 84 176
22 85 154
22 86 212
22 87 247
22 88 213
22 89 151
22 90 213
22 91 216
22 92 123
22 93 193
23 0 75
23 1 85
23 2 182
23 3 86
23 4 200
23 5 121
23 6 165
23 7 204
23 8 38
23 9 41
23 10 146
23 11 75
23 12 67
23 13 82
23 14 125
23 15 82
23 16 32
23 17 40
23 18 120
23 19 88
23 20 51
23 21 56
23 22 134
23 24 92
23 25 140
23 26 175
23 27 47
23 28 150
23 29 56
23 30 61
23 31 181
23 32 159
23 33 129
23 34 124
23 35 177
23 36 122
23 37 68
23 38 132
23 39 61
23 40 111
23 41 24
23 42 92
23 43 263
23 44 110
23 45 161
23 46 143
23 47 174
23 48 111
23 49 93
23 50 152
23 51 151
23 52 154
23 53 41
23 54 114
23 55 115
23 56 78
23 57 51
23 58 116
23 59 125
23 60 183
23 61 93
23 62 96
23 63 86
23 64 34
23 65 82
23 66 77
23 67 32
23 68 144
23 69 79
23 70 189
23 71 108
23 72 144
23 73 166
23 74 64
23 75 71
23 76 49
23 77 39
23 78 71
23 79 167
23 80 142
23 81 57
23 82 154
23 83 162
23 84 151
23 85 122
23 86 89
23 87 128
23 88 93
23 89 125
23 90 114
23 91 94
23 92 189
23 93 46
24 0 125
24 1 136
24 2 266
24 3 85
24 4 108
24 5 172
24 6 73
24 7 112
24 8 160
24 9 163
24 10 148
24 11 80
24 12 189
24 13 91
24 14 176
24 15 44
24 16 132
24 17 122
24 18 193
24 19 161
24 20 124
24 21 159
24 22 225
24 23 122
24 25 164
24 26 248
24 27 169
24 28 223
24 29 149
24 30 183
24 31 192
24 32 210
24 33 173
24 34 178
24 35 178
24 36 101
24 37 24
24 38 166
24 39 133
24 40 162
24 41 146
24 42 61
24 43 171
24 44 18
24 45 212
24 46 194
24 47 257
24 48 190
24 49 122
24 50 213
24 51 162
24 52 144
24 53 163
24 54 116
24 55 135
24 56 87
24 57 173
24 58 167
24 59 176
24 60 266
24 61 95
24 62 26
24 63 158
24 64 159
24 65 148
24 66 96
24 67 154
24 68 235
24 69 59
24 70 200
24 71 206
24 72 146
24 73 207
24 74 47
24 75 169
24 76 171
24 77 83
24 78 100
24 79 224
24 80 193
24 81 25
24 82 227
24 83 229
24 84 141
24 85 121
24 86 91
24 87 64
24 88 60
24 89 124
24 90 104
24 91 95
24 92 200
24 93 168
25 0 185
25 1 195
25 2 146
25 3 79
25 4 270
25 5 231
25 6 227
25 7 274
25 8 182
25 9 185
25 10 71
25 11 177
25 12 133
25 13 101
25 14 235
25 15 141
25 16 143
25 17 150
25 18 90
25 19 88
25 20 107
25 21 142
25 22 111
25 23 144
25 24 164
25 26 127
25 27 152
25 28 109
25 29 200
25 30 128
25 31 86
25 32 65
25 33 65
25 34 70
25 35 76
25 36 63
25 37 140
25 38 58
25 39 144
25 40 221
25 41 168
25 42 101
25 43 322
25 44 180
25 45 271
25 46 253
25 47 150
25 48 106
25 49 105
25 50 68
25 51 92
25 52 110
25 53 148
25 54 84
25 55 83
25 56 105
25 57 158
25 58 226
25 59 235
25 60 159
25 61 131
25 62 139
25 63 60
25 64 178
25 65 192
25 66 121
25 67 177
25 68 121
25 69 183
25 70 110
25 71 122
25 72 74
25 73 62
25 74 116
25 75 216
25 76 194
25 77 131
25 78 182
25 79 71
25 80 252
25 81 106
25 82 117
25 83 84
25 84 113
25 85 43
25 86 127
25 87 163
25 88 128
25 89 40
25 90 150
25 91 131
25 92 109
25 93 191
26 0 205
26 1 215
26 2 17
26 3 206
26 4 342
26 5 251
26 6 307
26 7 346
26 8 203
26 9 206
26 10 141
26 11 222
26 12 147
26 13 201
26 14 255
26 15 224
26 16 163
26 17 171
26 18 58
26 19 90
26 20 127
26 21 135
26 22 65
26 23 165
26 24 234
26 25 127
26 27 166
26 28 41
26 29 221
26 30 137
26 31 97
26 32 78
26 33 114
26 34 105
26 35 99
26 36 169
26 37 210
26 38 127
26 39 161
26 40 241
26 41 190
26 42 210
26 43 405
26 44 252
26 45 291
26 46 273
26 47 25
26 48 81
26 49 161
26 50 70
26 51 150
26 52 168
26 53 157
26 54 173
26 55 153
26 56 206
26 57 178
26 58 246
26 59 255
26 60 46
26 61 221
26 62 238
26 63 93
26 64 198
26 65 212
26 66 191
26 67 197
26 68 70
26 69 221
26 70 111
26 71 120
26 72 143
26 73 86
26 74 206
26 75 237
26 76 215
26 77 181
26 78 202
26 79 56
26 80 272
26 81 199
26 82 7
26 83 52
26 84 171
26 85 170
26 86 217
26 87 253
26 88 218
26 89 166
26 90 207
26 91 221
26 92 111
26 93 212
27 0 152
27 1 162
27 2 135
27 3 163
27 4 277
27 5 198
27 6 242
27 7 281
27 8 86
27 9 59
27 10 170
27 11 152
27 12 19
27 13 159
27 14 202
27 15 159
27 16 109
27 17 117
27 18 144
27 19 112
27 20 99
27 21 58
27 22 115
27 23 77
27 24 169
27 25 152
27 26 166
27 28 137
27 29 104
27 30 42
27 31 207
27 32 178
27 33 141
27 34 136
27 35 196
27 36 134
27 37 145
27 38 144
27 39 100
27 40 188
27 41 24
27 42 169
27 43 340
27 44 187
27 45 238
27 46 220
27 47 154
27 48 97
27 49 116
27 50 171
27 51 177
27 52 177
27 53 38
27 54 155
27 55 121
27 56 155
27 57 38
27 58 193
27 59 202
27 60 153
27 61 170
27 62 173
27 63 97
27 64 105
27 65 100
27 66 142
27 67 43
27 68 97
27 69 156
27 70 215
27 71 79
27 72 167
27 73 185
27 74 141
27 75 107
27 76 85
27 77 116
27 78 148
27 79 193
27 80 219
27 81 134
27 82 176
27 83 188
27 84 180
27 85 134
27 86 166
27 87 205
27 88 170
27 89 131
27 90 191
27 91 170
27 92 215
27 93 82
28 0 192
28 1 202
28 2 72
28 3 188
28 4 329
28 5 238
28 6 294
28 7 333
28 8 178
28 9 196
28 10 133
28 11 209
28 12 118
28 13 182
28 14 242
28 15 211
28 16 150
28 17 158
28 18 68
28 19 77
28 20 115
28 21 95
28 22 57
28 23 155
28 24 221
28 25 109
28 26 41
28 27 137
28 29 196
28 30 113
28 31 101
28 32 92
28 33 100
28 34 95
28 35 104
28 36 152
28 37 197
28 38 107
28 39 154
28 40 228
28 41 161
28 42 193
28 43 383
28 44 239
28 45 278
28 46 260
28 47 61
28 48 40
28 49 150
28 50 88
28 51 154
28 52 172
28 53 119
28 54 166
28 55 139
28 56 186
28 57 143
28 58 233
28 59 242
28 60 70
28 61 214
28 62 221
28 63 80
28 64 175
28 65 199
28 66 177
28 67 162
28 68 67
28 69 208
28 70 115
28 71 86
28 72 136
28 73 96
28 74 193
28 75 226
28 76 204
28 77 168
28 78 189
28 79 87
28 80 259
28 81 186
28 82 62
28 83 82
28 84 175
28 85 152
28 86 210
28 87 244
28 88 211
28 89 149
28 90 212
28 91 214
28 92 115
28 93 201
29 0 69
29 1 80
29 2 235
29 3 146
29 4 244
29 5 116
29 6 201
29 7 248
29 8 18
29 9 42
29 10 206
29 11 100
29 12 123
29 13 142
29 14 120
29 15 136
29 16 92
29 17 78
29 18 180
29 19 148
29 20 111
29 21 100
29 22 170
29 23 60
29 24 152
29 25 200
29 26 235
29 27 103
29 28 195
29 30 98
29 31 241
29 32 219
29 33 189
29 34 184
29 35 237
29 36 182
29 37 128
29 38 192
29 39 121
29 40 106
29 41 80
29 42 152
29 43 264
29 44 154
29 45 156
29 46 138
29 47 210
29 48 155
29 49 153
29 50 212
29 51 211
29 52 214
29 53 78
29 54 174
29 55 175
29 56 138
29 57 107
29 58 111
29 59 120
29 60 239
29 61 153
29 62 156
29 63 146
29 64 21
29 65 31
29 66 137
29 67 88
29 68 200
29 69 113
29 70 249
29 71 164
29 72 204
29 73 226
29 74 124
29 75 52
29 76 60
29 77 99
29 78 80
29 79 227
29 80 137
29 81 117
29 82 214
29 83 222
29 84 211
29 85 182
29 86 149
29 87 188
29 88 153
29 89 185
29 90 174
29 91 153
29 92 249
29 93 63
30 0 166
30 1 176
30 2 137
30 3 146
30 4 291
30 5 212
30 6 256
30 7 295
30 8 79
30 9 100
30 10 146
30 11 166
30 12 47
30 13 140
30 14 216
30 15 173
30 16 123
30 17 131
30 18 120
30 19 88
30 20 79
30 21 43
30 22 73
30 23 91
30 24 183
30 25 128
30 26 137
30 27 42
30 28 113
30 29 98
30 31 182
30 32 153
30 33 116
30 34 112
30 35 172
30 36 110
30 37 159
30 38 120
30 39 100
30 40 202
30 41 66
30 42 151
30 43 354
30 44 201
30 45 252
30 46 234
30 47 112
30 48 73
30 49 101
30 50 147
30 51 153
30 52 153
30 53 20
30 54 131
30 55 96
30 56 144
30 57 63
30 58 207
30 59 216
30 60 141
30 61 184
30 62 187
30 63 72
30 64 104
30 65 128
30 66 134
30 67 82
30 68 102
30 69 170
30 70 191
30 71 67
30 72 143
30 73 161
30 74 155
30 75 146
30 76 124
30 77 130
30 78 162
30 79 168
30 80 233
30 81 148
30 82 147
30 83 163
30 84 156
30 85 110
30 86 180
30 87 219
30 88 184
30 89 107
30 90 192
30 91 184
30 92 191
30 93 121
31 0 252
31 1 262
31 2 124
31 3 169
31 4 290
31 5 298
31 6 235
31 7 294
31 8 249
31 9 252
31 10 72
31 11 216
31 12 214
31 13 175
31 14 302
31 15 204
31 16 210
31 17 217
31 18 105
31 19 137
31 20 174
31 21 203
31 22 137
31 23 211
31 24 186
31 25 114
31 26 104
31 27 233
31 28 128
31 29 267
31 30 209
31 32 89
31 33 125
31 34 131
31 35 69
31 36 146
31 37 179
31 38 122
31 39 207
31 40 288
31 41 235
31 42 147
31 43 302
31 44 204
31 45 338
31 46 320
31 47 116
31 48 168
31 49 186
31 50 95
31 51 53
31 52 71
31 53 229
31 54 105
31 55 164
31 56 171
31 57 239
31 58 293
31 59 302
31 60 125
31 61 131
31 62 160
31 63 139
31 64 245
31 65 259
31 66 180
31 67 244
31 68 137
31 69 219
31 70 14
31 71 182
31 72 75
31 73 81
31 74 185
31 75 283
31 76 261
31 77 167
31 78 221
31 79 45
31 80 319
31 81 148
31 82 83
31 83 50
31 84 74
31 85 157
31 86 135
31 87 176
31 88 150
31 89 154
31 90 110
31 91 130
31 92 14
31 93 258
32 0 203
32 1 213
32 2 102
32 3 144
32 4 317
32 5 249
32 6 281
32 7 321
32 8 201
32 9 204
32 10 89
32 11 172
32 12 158
32 13 136
32 14 253
32 15 194
32 16 161
32 17 168
32 18 76
32 19 88
32 20 125
32 21 154
32 22 96
32 23 163
32 24 209
32 25 65
32 26 83
32 27 177
32 28 95
32 29 219
32 30 152
32 31 62
32 33 36
32 34 75
32 35 64
32 36 108
32 37 185
32 38 63
32 39 139
32 40 239
32 41 187
32 42 149
32 43 340
32 44 227
32 45 289
32 46 271
32 47 104
32 48 113
32 49 115
32 50 54
32 51 110
32 52 128
32 53 172
32 54 122
32 55 75
32 56 140
32 57 183
32 58 244
32 59 253
32 60 114
32 61 170
32 62 177
32 63 85
32 64 196
32 65 210
32 66 113
32 67 196
32 68 107
32 69 176
32 70 75
32 71 126
32 72 92
32 73 56
32 74 181
32 75 235
32 76 213
32 77 156
32 78 192
32 79 48
32 80 270
32 81 153
32 82 73
32 83 43
32 84 131
32 85 108
32 86 166
32 87 201
32 88 167
32 89 105
32 90 168
32 91 170
32 92 75
32 93 210
33 0 174
33 1 184
33 2 139
33 3 108
33 4 281
33 5 220
33 6 245
33 7 285
33 8 171
33 9 174
33 10 82
33 11 136
33 12 122
33 13 100
33 14 224
33 15 158
33 16 132
33 17 139
33 18 81
33 19 77
33 20 96
33 21 131
33 22 101
33 23 133
33 24 173
33 25 58
33 26 120
33 27 141
33 28 100
33 29 189
33 30 116
33 31 98
33 32 36
33 34 59
33 35 87
33 36 72
33 37 149
33 38 56
33 39 103
33 40 210
33 41 157
33 42 113
33 43 344
33 44 191
33 45 260
33 46 242
33 47 140
33 48 95
33 49 79
33 50 59
33 51 103
33 52 121
33 53 136
33 54 93
33 55 39
33 56 104
33 57 147
33 58 215
33 59 224
33 60 150
33 61 140
33 62 148
33 63 49
33 64 167
33 65 181
33 66 77
33 67 166
33 68 112
33 69 140
33 70 121
33 71 111
33 72 85
33 73 76
33 74 145
33 75 205
33 76 183
33 77 120
33 78 156
33 79 84
33 80 241
33 81 117
33 82 110
33 83 79
33 84 124
33 85 72
33 86 136
33 87 172
33 88 137
33 89 69
33 90 161
33 91 140
33 92 120
33 93 180
34 0 168
34 1 178
34 2 131
34 3 112
34 4 285
34 5 214
34 6 250
34 7 289
34 8 165
34 9 168
34 10 88
34 11 141
34 12 116
34 13 106
34 14 218
34 15 177
34 16 126
34 17 133
34 18 77
34 19 71
34 20 90
34 21 117
34 22 98
34 23 127
34 24 177
34 25 64
34 26 111
34 27 135
34 28 95
34 29 183
34 30 111
34 31 104
34 32 75
34 33 55
34 35 93
34 36 76
34 37 153
34 38 62
34 39 82
34 40 204
34 41 151
34 42 117
34 43 348
34 44 195
34 45 254
34 46 236
34 47 137
34 48 88
34 49 56
34 50 36
34 51 109
34 52 127
34 53 131
34 54 97
34 55 63
34 56 110
34 57 141
34 58 209
34 59 218
34 60 146
34 61 144
34 62 152
34 63 43
34 64 161
34 65 175
34 66 98
34 67 160
34 68 108
34 69 164
34 70 127
34 71 105
34 72 91
34 73 82
34 74 149
34 75 199
34 76 177
34 77 124
34 78 135
34 79 90
34 80 235
34 81 121
34 82 101
34 83 85
34 84 130
34 85 76
34 86 140
34 87 176
34 88 141
34 89 73
34 90 167
34 91 144
34 92 126
34 93 174
35 0 222
35 1 232
35 2 125
35 3 141
35 4 286
35 5 268
35 6 251
35 7 290
35 8 220
35 9 223
35 10 77
35 11 223
35 12 176
35 13 159
35 14 272
35 15 200
35 16 180
35 17 187
35 18 95
35 19 107
35 20 144
35 21 173
35 22 115
35 23 182
35 24 178
35 25 76
35 26 105
35 27 195
35 28 113
35 29 238
35 30 171
35 31 43
35 32 69
35 33 87
35 34 93
35 36 76
35 37 154
35 38 84
35 39 177
35 40 258
35 41 206
35 42 117
35 43 327
35 44 196
35 45 308
35 46 290
35 47 117
35 48 131
35 49 148
35 50 72
35 51 97
35 52 115
35 53 191
35 54 110
35 55 126
35 56 163
35 57 201
35 58 263
35 59 272
35 60 126
35 61 158
35 62 182
35 63 103
35 64 215
35 65 229
35 66 164
35 67 215
35 68 125
35 69 226
35 70 57
35 71 144
35 72 80
35 73 66
35 74 178
35 75 254
35 76 232
35 77 174
35 78 219
35 79 46
35 80 289
35 81 122
35 82 84
35 83 51
35 84 118
35 85 119
35 86 154
35 87 188
35 88 155
35 89 116
35 90 155
35 91 158
35 92 57
35 93 229
36 0 189
36 1 199
36 2 201
36 3 64
36 4 209
36 5 236
36 6 174
36 7 213
36 8 175
36 9 178
36 10 83
36 11 147
36 12 139
36 13 83
36 14 240
36 15 123
36 16 147
36 17 154
36 18 127
36 19 95
36 20 114
36 21 148
36 22 154
36 23 137
36 24 101
36 25 62
36 26 181
36 27 158
36 28 151
36 29 193
36 30 134
36 31 119
36 32 108
36 33 71
36 34 76
36 35 76
36 37 77
36 38 64
36 39 126
36 40 226
36 41 161
36 42 41
36 43 272
36 44 119
36 45 276
36 46 258
36 47 193
36 48 112
36 49 102
36 50 111
36 51 90
36 52 85
36 53 154
36 54 68
36 55 85
36 56 87
36 57 164
36 58 231
36 59 240
36 60 202
36 61 107
36 62 105
36 63 66
36 64 182
36 65 196
36 66 111
36 67 169
36 68 163
36 69 150
36 70 128
36 71 128
36 72 80
36 73 105
36 74 101
36 75 208
36 76 186
36 77 98
36 78 152
36 79 122
36 80 257
36 81 46
36 82 160
36 83 127
36 84 82
36 85 42
36 86 103
36 87 139
36 88 104
36 89 45
36 90 102
36 91 107
36 92 128
36 93 183
37 0 149
37 1 159
37 2 241
37 3 60
37 4 132
37 5 196
37 6 97
37 7 136
37 8 135
37 9 138
37 10 123
37 11 82
37 12 164
37 13 66
37 14 200
37 15 46
37 16 107
37 17 114
37 18 168
37 19 136
37 20 99
37 21 134
37 22 200
37 23 97
37 24 24
37 25 139
37 26 223
37 27 144
37 28 198
37 29 153
37 30 158
37 31 167
37 32 185
37 33 148
37 34 153
37 35 154
37 36 77
37 38 141
37 39 108
37 40 186
37 41 121
37 42 36
37 43 195
37 44 42
37 45 236
37 46 218
37 47 232
37 48 165
37 49 97
37 50 188
37 51 128
37 52 131
37 53 138
37 54 91
37 55 110
37 56 62
37 57 148
37 58 191
37 59 200
37 60 241
37 61 70
37 62 28
37 63 133
37 64 142
37 65 156
37 66 71
37 67 129
37 68 210
37 69 83
37 70 166
37 71 181
37 72 121
37 73 182
37 74 49
37 75 168
37 76 146
37 77 58
37 78 102
37 79 200
37 80 217
37 81 0
37 82 202
37 83 205
37 84 128
37 85 96
37 86 66
37 87 88
37 88 70
37 89 99
37 90 91
37 91 70
37 92 166
37 93 143
38 0 176
38 1 186
38 2 151
38 3 98
38 4 273
38 5 222
38 6 233
38 7 277
38 8 173
38 9 176
38 10 80
38 11 154
38 12 124
38 13 75
38 14 226
38 15 136
38 16 134
38 17 141
38 18 89
38 19 79
38 20 98
38 21 133
38 22 110
38 23 135
38 24 165
38 25 56
38 26 132
38 27 143
38 28 108
38 29 191
38 30 119
38 31 95
38 32 64
38 33 56
38 34 61
38 35 85
38 36 64
38 37 141
38 39 120
38 40 212
38 41 159
38 42 105
38 43 336
38 44 183
38 45 262
38 46 244
38 47 149
38 48 97
38 49 96
38 50 67
38 51 101
38 52 107
38 53 139
38 54 85
38 55 74
38 56 79
38 57 149
38 58 217
38 59 226
38 60 158
38 61 132
38 62 140
38 63 51
38 64 169
38 65 183
38 66 96
38 67 168
38 68 120
38 69 159
38 70 119
38 71 113
38 72 83
38 73 41
38 74 137
38 75 207
38 76 185
38 77 122
38 78 174
38 79 81
38 80 243
38 81 109
38 82 116
38 83 74
38 84 110
38 85 64
38 86 128
38 87 164
38 88 129
38 89 61
38 90 146
38 91 132
38 92 118
38 93 182
39 0 117
39 1 127
39 2 180
39 3 83
39 4 230
39 5 163
39 6 195
39 7 234
39 8 114
39 9 117
39 10 144
39 11 86
39 12 119
39 13 62
39 14 167
39 15 122
39 16 74
39 17 82
39 18 106
39 19 74
39 20 37
39 21 59
39 22 138
39 23 76
39 24 122
39 25 126
39 26 161
39 27 100
39 28 136
39 29 132
39 30 99
39 31 167
39 32 139
39 33 103
39 34 82
39 35 163
39 36 108
39 37 98
39 38 121
39 40 153
39 41 98
39 42 102
39 43 293
39 44 140
39 45 203
39 46 185
39 47 171
39 48 103
39 49 27
39 50 118
39 51 151
39 52 151
39 53 79
39 54 129
39 55 64
39 56 66
39 57 119
39 58 158
39 59 167
39 60 180
39 61 123
39 62 126
39 63 72
39 64 109
39 65 124
39 66 42
39 67 109
39 68 148
39 69 104
39 70 181
39 71 119
39 72 141
39 73 162
39 74 94
39 75 148
39 76 126
39 77 69
39 78 80
39 79 153
39 80 184
39 81 87
39 82 140
39 83 148
39 84 154
39 85 101
39 86 119
39 87 159
39 88 124
39 89 104
39 90 160
39 91 124
39 92 181
39 93 123
40 0 35
40 1 25
40 2 256
40 3 159
40 4 162
40 5 10
40 6 172
40 7 166
40 8 112
40 9 125
40 10 219
40 11 91
40 12 190
40 13 155
40 14 14
40 15 127
40 16 77
40 17 70
40 18 182
40 19 150
40 20 113
40 21 160
40 22 214
40 23 123
40 24 126
40 25 202
40 26 237
40 27 170
40 28 212
40 29 94
40 30 184
40 31 243
40 32 221
40 33 191
40 34 186
40 35 239
40 36 184
40 37 141
40 38 194
40 39 123
40 41 147
40 42 165
40 43 158
40 44 126
40 45 50
40 46 32
40 47 247
40 48 179
40 49 148
40 50 214
40 51 224
40 52 227
40 53 164
40 54 187
40 55 171
40 56 151
40 57 174
40 58 5
40 59 14
40 60 256
40 61 166
40 62 151
40 63 148
40 64 102
40 65 94
40 66 150
40 67 155
40 68 224
40 69 84
40 70 257
40 71 195
40 72 217
40 73 228
40 74 137
40 75 115
40 76 137
40 77 112
40 78 91
40 79 229
40 80 31
40 81 130
40 82 216
40 83 224
40 84 224
40 85 184
40 86 162
40 87 169
40 88 166
40 89 181
40 90 187
40 91 166
40 92 257
40 93 140
41 0 128
41 1 138
41 2 159
41 3 139
41 4 253
41 5 174
41 6 218
41 7 257
41 8 62
41 9 35
41 10 199
41 11 128
41 12 43
41 13 135
41 14 178
41 15 135
41 16 85
41 17 93
41 18 173
41 19 141
41 20 104
41 21 65
41 22 137
41 23 53
41 24 145
41 25 175
41 26 190
41 27 24
41 28 160
41 29 80
41 30 65
41 31 231
41 32 201
41 33 164
41 34 159
41 35 219
41 36 157
41 37 121
41 38 167
41 39 97
41 40 164
41 42 145
41 43 316
41 44 163
41 45 214
41 46 196
41 47 177
41 48 120
41 49 125
41 50 194
41 51 200
41 52 207
41 53 45
41 54 167
41 55 144
41 56 131
41 57 45
41 58 169
41 59 178
41 60 176
41 61 146
41 62 149
41 63 120
41 64 81
41 65 77
41 66 130
41 67 40
41 68 120
41 69 132
41 70 238
41 71 102
41 72 197
41 73 208
41 74 117
41 75 83
41 76 76
41 77 92
41 78 124
41 79 217
41 80 195
41 81 110
41 82 200
41 83 212
41 84 204
41 85 157
41 86 142
41 87 181
41 88 146
41 89 154
41 90 167
41 91 146
41 92 238
41 93 73
42 0 148
42 1 158
42 2 240
42 3 40
42 4 169
42 5 195
42 6 134
42 7 173
42 8 134
42 9 137
42 10 104
42 11 106
42 12 163
42 13 65
42 14 199
42 15 82
42 16 106
42 17 113
42 18 167
42 19 135
42 20 98
42 21 133
42 22 195
42 23 96
42 24 61
42 25 101
42 26 222
42 27 143
42 28 192
42 29 152
42 30 157
42 31 148
42 32 149
42 33 112
42 34 117
42 35 117
42 36 41
42 37 36
42 38 105
42 39 102
42 40 185
42 41 120
42 43 232
42 44 78
42 45 235
42 46 217
42 47 231
42 48 153
42 49 96
42 50 152
42 51 119
42 52 101
42 53 137
42 54 72
42 55 109
42 56 61
42 57 147
42 58 190
42 59 199
42 60 240
42 61 81
42 62 64
42 63 107
42 64 141
42 65 155
42 66 70
42 67 128
42 68 204
42 69 109
42 70 157
42 71 169
42 72 102
42 73 146
42 74 75
42 75 167
42 76 145
42 77 57
42 78 111
42 79 163
42 80 216
42 81 5
42 82 201
42 83 168
42 84 98
42 85 58
42 86 77
42 87 116
42 88 81
42 89 61
42 90 78
42 91 81
42 92 157
42 93 142
43 0 168
43 1 179
43 2 296
43 3 139
43 4 4
43 5 215
43 6 29
43 7 8
43 8 210
43 9 223
43 10 144
43 11 124
43 12 240
43 13 151
43 14 219
43 15 103
43 16 172
43 17 165
43 18 244
43 19 212
43 20 175
43 21 210
43 22 264
43 23 173
43 24 65
43 25 178
43 26 276
43 27 220
43 28 262
43 29 192
43 30 234
43 31 187
43 32 218
43 33 187
43 34 192
43 35 206
43 36 166
43 37 89
43 38 180
43 39 184
43 40 205
43 41 197
43 42 125
43 44 65
43 45 248
43 46 235
43 47 288
43 48 228
43 49 173
43 50 221
43 51 158
43 52 140
43 53 214
43 54 111
43 55 186
43 56 146
43 57 224
43 58 210
43 59 219
43 60 297
43 61 88
43 62 90
43 63 182
43 64 200
43 65 192
43 66 147
43 67 205
43 68 274
43 69 103
43 70 197
43 71 244
43 72 141
43 73 215
43 74 102
43 75 213
43 76 222
43 77 134
43 78 144
43 79 217
43 80 234
43 81 89
43 82 255
43 83 222
43 84 137
43 85 176
43 86 84
43 87 8
43 88 66
43 89 179
43 90 101
43 91 89
43 92 196
43 93 219
44 0 124
44 1 135
44 2 283
44 3 94
44 4 90
44 5 171
44 6 55
44 7 94
44 8 166
44 9 178
44 10 165
44 11 79
44 12 206
44 13 106
44 14 175
44 15 61
44 16 128
44 17 121
44 18 210
44 19 178
44 20 141
44 21 176
44 22 242
44 23 139
44 24 17
44 25 174
44 26 265
44 27 186
44 28 240
44 29 148
44 30 200
44 31 209
44 32 227
44 33 190
44 34 195
44 35 195
44 36 119
44 37 42
44 38 180
44 39 150
44 40 161
44 41 163
44 42 78
44 43 153
44 45 211
44 46 193
44 47 274
44 48 207
44 49 139
44 50 230
44 51 179
44 52 161
44 53 180
44 54 133
44 55 152
44 56 101
44 57 190
44 58 166
44 59 175
44 60 283
44 61 112
44 62 43
44 63 175
44 64 156
44 65 147
44 66 113
44 67 171
44 68 252
44 69 58
44 70 217
44 71 223
44 72 163
44 73 221
44 74 57
44 75 168
44 76 188
44 77 100
44 78 99
44 79 241
44 80 192
44 81 42
44 82 244
44 83 246
44 84 158
44 85 131
44 86 108
44 87 63
44 88 77
44 89 134
44 90 121
44 91 112
44 92 217
44 93 185
45 0 115
45 1 105
45 2 311
45 3 239
45 4 196
45 5 37
45 6 222
45 7 200
45 8 188
45 9 181
45 10 299
45 11 171
45 12 222
45 13 235
45 14 66
45 15 207
45 16 157
45 17 150
45 18 262
45 19 230
45 20 193
45 21 235
45 22 279
45 23 179
45 24 206
45 25 282
45 26 317
45 27 225
45 28 286
45 29 174
45 30 228
45 31 323
45 32 301
45 33 271
45 34 266
45 35 319
45 36 264
45 37 221
45 38 274
45 39 203
45 40 80
45 41 201
45 42 245
45 43 192
45 44 206
45 46 29
45 47 312
45 48 253
45 49 228
45 50 294
45 51 304
45 52 307
45 53 229
45 54 267
45 55 251
45 56 231
45 57 203
45 58 75
45 59 66
45 60 301
45 61 246
45 62 231
45 63 228
45 64 182
45 65 159
45 66 230
45 67 199
45 68 278
45 69 164
45 70 337
45 71 239
45 72 297
45 73 308
45 74 217
45 75 156
45 76 163
45 77 192
45 78 171
45 79 309
45 80 29
45 81 210
45 82 296
45 83 304
45 84 304
45 85 264
45 86 242
45 87 201
45 88 246
45 89 261
45 90 267
45 91 246
45 92 337
45 93 175
46 0 96
46 1 86
46 2 313
46 3 220
46 4 182
46 5 51
46 6 208
46 7 186
46 8 190
46 9 183
46 10 280
46 11 152
46 12 224
46 13 216
46 14 47
46 15 188
46 16 138
46 17 131
46 18 243
46 19 211
46 20 174
46 21 221
46 22 281
46 23 181
46 24 187
46 25 263
46 26 298
46 27 227
46 28 273
46 29 155
46 30 230
46 31 304
46 32 282
46 33 252
46 34 247
46 35 300
46 36 245
46 37 202
46 38 255
46 39 184
46 40 61
46 41 203
46 42 226
46 43 178
46 44 187
46 45 29
46 47 314
46 48 240
46 49 209
46 50 275
46 51 285
46 52 288
46 53 231
46 54 248
46 55 232
46 56 212
46 57 205
46 58 56
46 59 47
46 60 303
46 61 227
46 62 212
46 63 209
46 64 163
46 65 161
46 66 211
46 67 201
46 68 280
46 69 145
46 70 318
46 71 241
46 72 278
46 73 289
46 74 198
46 75 158
46 76 165
46 77 173
46 78 152
46 79 290
46 80 1
46 81 191
46 82 277
46 83 285
46 84 285
46 85 245
46 86 223
46 87 187
46 88 227
46 89 242
46 90 248
46 91 227
46 92 318
46 93 177
47 0 228
47 1 238
47 2 25
47 3 230
47 4 364
47 5 274
47 6 329
47 7 368
47 8 192
47 9 212
47 10 158
47 11 245
47 12 150
47 13 224
47 14 278
47 15 246
47 16 186
47 17 193
47 18 81
47 19 112
47 20 150
47 21 155
47 22 40
47 23 187
47 24 256
47 25 151
47 26 25
47 27 154
47 28 62
47 29 210
47 30 112
47 31 114
47 32 105
47 33 141
47 34 133
47 35 117
47 36 194
47 37 232
47 38 149
47 39 183
47 40 264
47 41 178
47 42 235
47 43 426
47 44 274
47 45 314
47 46 296
47 48 102
47 49 189
47 50 98
47 51 167
47 52 185
47 53 132
47 54 190
47 55 180
47 56 229
47 57 175
47 58 269
47 59 278
47 60 54
47 61 238
47 62 245
47 63 115
47 64 216
47 65 241
47 66 218
47 67 194
47 68 73
47 69 243
47 70 128
47 71 118
47 72 160
47 73 109
47 74 228
47 75 258
47 76 236
47 77 203
47 78 225
47 79 84
47 80 295
47 81 221
47 82 35
47 83 80
47 84 188
47 85 194
47 86 234
47 87 270
47 88 235
47 89 191
47 90 224
47 91 238
47 92 128
47 93 233
48 0 159
48 1 169
48 2 112
48 3 148
48 4 296
48 5 205
48 6 261
48 7 300
48 8 138
48 9 156
48 10 126
48 11 176
48 12 78
48 13 142
48 14 209
48 15 178
48 16 117
48 17 124
48 18 85
48 19 70
48 20 81
48 21 55
48 22 62
48 23 115
48 24 188
48 25 102
48 26 81
48 27 97
48 28 40
48 29 156
48 30 73
48 31 141
48 32 113
48 33 93
48 34 88
48 35 131
48 36 112
48 37 164
48 38 100
48 39 114
48 40 195
48 41 121
48 42 153
48 43 359
48 44 206
48 45 245
48 46 227
48 47 101
48 49 110
48 50 105
48 51 147
48 52 155
48 53 79
48 54 133
48 55 99
48 56 146
48 57 103
48 58 200
48 59 209
48 60 110
48 61 180
48 62 188
48 63 74
48 64 135
48 65 174
48 66 137
48 67 122
48 68 72
48 69 175
48 70 165
48 71 67
48 72 129
48 73 120
48 74 160
48 75 186
48 76 164
48 77 135
48 78 156
48 79 127
48 80 226
48 81 153
48 82 102
48 83 122
48 84 158
48 85 112
48 86 176
48 87 212
48 88 177
48 89 109
48 90 194
48 91 180
48 92 164
48 93 161
49 0 148
49 1 158
49 2 186
49 3 84
49 4 229
49 5 195
49 6 194
49 7 233
49 8 135
49 9 138
49 10 123
49 11 85
49 12 121
49 13 63
49 14 199
49 15 121
49 16 106
49 17 113
49 18 123
49 19 91
49 20 64
49 21 76
49 22 154
49 23 97
49 24 121
49 25 105
49 26 166
49 27 116
49 28 150
49 29 153
49 30 101
49 31 160
49 32 116
49 33 79
49 34 56
49 35 149
49 36 87
49 37 97
49 38 97
49 39 26
49 40 185
49 41 121
49 42 103
49 43 292
49 44 139
49 45 235
49 46 217
49 47 193
49 48 111
49 50 91
49 51 130
49 52 130
49 53 97
49 54 108
49 55 40
49 56 67
49 57 137
49 58 190
49 59 199
49 60 202
49 61 122
49 62 125
49 63 66
49 64 138
49 65 155
49 66 43
49 67 129
49 68 163
49 69 108
49 70 168
49 71 128
49 72 120
49 73 137
49 74 93
49 75 168
49 76 146
49 77 68
49 78 79
49 79 146
49 80 216
49 81 86
49 82 156
49 83 141
49 84 133
49 85 77
49 86 118
49 87 158
49 88 123
49 89 80
49 90 143
49 91 123
49 92 168
49 93 143
50 0 197
50 1 207
50 2 95
50 3 148
50 4 321
50 5 243
50 6 286
50 7 325
50 8 195
50 9 198
50 10 93
50 11 177
50 12 152
50 13 142
50 14 247
50 15 213
50 16 155
50 17 162
50 18 70
50 19 82
50 20 119
50 21 153
50 22 91
50 23 157
50 24 213
50 25 69
50 26 75
50 27 171
50 28 88
50 29 213
50 30 147
50 31 69
50 32 60
50 33 60
50 34 36
50 35 71
50 36 112
50 37 189
50 38 67
50 39 118
50 40 233
50 41 181
50 42 153
50 43 344
50 44 231
50 45 283
50 46 265
50 47 102
50 48 106
50 49 91
50 51 114
50 52 132
50 53 167
50 54 126
50 55 99
50 56 146
50 57 177
50 58 238
50 59 247
50 60 111
50 61 174
50 62 181
50 63 79
50 64 190
50 65 204
50 66 134
50 67 190
50 68 101
50 69 200
50 70 82
50 71 120
50 72 96
50 73 63
50 74 185
50 75 229
50 76 207
50 77 160
50 78 171
50 79 55
50 80 264
50 81 157
50 82 65
50 83 50
50 84 135
50 85 112
50 86 170
50 87 205
50 88 171
50 89 109
50 90 172
50 91 174
50 92 82
50 93 204
51 0 214
51 1 224
51 2 176
51 3 144
51 4 270
51 5 260
51 6 198
51 7 274
51 8 218
51 9 222
51 10 63
51 11 191
51 12 162
51 13 150
51 14 264
51 15 180
51 16 172
51 17 179
51 18 136
51 19 117
51 20 136
51 21 171
51 22 156
51 23 181
51 24 162
51 25 85
51 26 156
51 27 181
51 28 155
51 29 236
51 30 157
51 31 52
51 32 111
51 33 94
51 34 99
51 35 98
51 36 95
51 37 153
51 38 87
51 39 169
51 40 250
51 41 205
51 42 119
51 43 257
51 44 180
51 45 300
51 46 282
51 47 168
51 48 135
51 49 134
51 50 114
51 52 18
51 53 177
51 54 67
51 55 112
51 56 146
51 57 187
51 58 255
51 59 264
51 60 177
51 61 79
51 62 136
51 63 89
51 64 207
51 65 221
51 66 155
51 67 213
51 68 167
51 69 194
51 70 39
51 71 151
51 72 60
51 73 108
51 74 160
51 75 252
51 76 230
51 77 142
51 78 196
51 79 97
51 80 281
51 81 123
51 82 135
51 83 102
51 84 21
51 85 105
51 86 83
51 87 124
51 88 112
51 89 102
51 90 57
51 91 78
51 92 39
51 93 227
52 0 213
52 1 223
52 2 195
52 3 125
52 4 251
52 5 260
52 6 200
52 7 255
52 8 199
52 9 203
52 10 63
52 11 172
52 12 162
52 13 131
52 14 264
52 15 161
52 16 171
52 17 178
52 18 149
52 19 117
52 20 136
52 21 171
52 22 174
52 23 162
52 24 143
52 25 85
52 26 175
52 27 181
52 28 173
52 29 217
52 30 157
52 31 71
52 32 129
52 33 94
52 34 99
52 35 116
52 36 84
52 37 134
52 38 87
52 39 172
52 40 250
52 41 186
52 42 100
52 43 249
52 44 161
52 45 300
52 46 282
52 47 187
52 48 135
52 49 134
52 50 132
52 51 18
52 53 177
52 54 61
52 55 112
52 56 127
52 57 187
52 58 255
52 59 264
52 60 196
52 61 60
52 62 117
52 63 89
52 64 206
52 65 220
52 66 136
52 67 194
52 68 185
52 69 175
52 70 57
52 71 151
52 72 60
52 73 126
52 74 141
52 75 233
52 76 211
52 77 123
52 78 177
52 79 116
52 80 281
52 81 104
52 82 154
52 83 121
52 84 3
52 85 99
52 86 64
52 87 106
52 88 111
52 89 102
52 90 39
52 91 59
52 92 57
52 93 208
53 0 146
53 1 156
53 2 157
53 3 157
53 4 271
53 5 192
53 6 236
53 7 275
53 8 60
53 9 80
53 10 165
53 11 146
53 12 42
53 13 141
53 14 196
53 15 153
53 16 103
53 17 111
53 18 139
53 19 107
53 20 79
53 21 38
53 22 93
53 23 71
53 24 163
53 25 147
53 26 157
53 27 37
53 28 118
53 29 78
53 30 20
53 31 202
53 32 172
53 33 135
53 34 131
53 35 191
53 36 129
53 37 139
53 38 139
53 39 80
53 40 182
53 41 46
53 42 163
53 43 334
53 44 181
53 45 232
53 46 214
53 47 132
53 48 79
53 49 96
53 50 166
53 51 172
53 52 172
53 54 150
53 55 115
53 56 149
53 57 58
53 58 187
53 59 196
53 60 161
53 61 164
53 62 167
53 63 91
53 64 84
53 65 109
53 66 122
53 67 62
53 68 119
53 69 150
53 70 210
53 71 86
53 72 162
53 73 180
53 74 135
53 75 126
53 76 104
53 77 110
53 78 142
53 79 188
53 80 213
53 81 128
53 82 167
53 83 183
53 84 175
53 85 129
53 86 160
53 87 199
53 88 164
53 89 126
53 90 185
53 91 164
53 92 210
53 93 101
54 0 152
54 1 162
54 2 185
54 3 64
54 4 185
54 5 199
54 6 130
54 7 189
54 8 139
54 9 142
54 10 33
54 11 111
54 12 144
54 13 70
54 14 203
54 15 99
54 16 110
54 17 117
54 18 132
54 19 100
54 20 102
54 21 138
54 22 153
54 23 101
54 24 81
54 25 67
54 26 165
54 27 148
54 28 151
54 29 157
54 30 139
54 31 76
54 32 107
54 33 76
54 34 81
54 35 95
54 36 41
54 37 74
54 38 69
54 39 111
54 40 189
54 41 125
54 42 42
54 43 248
54 44 99
54 45 239
54 46 221
54 47 177
54 48 117
54 49 101
54 50 110
54 51 37
54 52 37
54 53 142
54 55 94
54 56 66
54 57 152
54 58 194
54 59 203
54 60 186
54 61 48
54 62 55
54 63 71
54 64 145
54 65 159
54 66 75
54 67 133
54 68 163
54 69 114
54 70 75
54 71 133
54 72 30
54 73 104
54 74 80
54 75 172
54 76 150
54 77 62
54 78 116
54 79 106
54 80 220
54 81 43
54 82 144
54 83 111
54 84 40
54 85 56
54 86 44
54 87 79
54 88 45
54 89 59
54 90 69
54 91 48
54 92 75
54 93 147
55 0 171
55 1 181
55 2 178
55 3 82
55 4 242
55 5 218
55 6 206
55 7 246
55 8 158
55 9 161
55 10 100
55 11 97
55 12 126
55 13 61
55 14 222
55 15 119
55 16 129
55 17 136
55 18 113
55 19 81
55 20 89
55 21 98
55 22 140
55 23 120
55 24 134
55 25 82
55 26 159
55 27 139
55 28 139
55 29 176
55 30 120
55 31 137
55 32 75
55 33 39
55 34 63
55 35 126
55 36 64
55 37 110
55 38 74
55 39 64
55 40 208
55 41 144
55 42 101
55 43 305
55 44 152
55 45 258
55 46 240
55 47 179
55 48 99
55 49 40
55 50 98
55 51 107
55 52 107
55 53 120
55 54 85
55 56 65
55 57 151
55 58 213
55 59 222
55 60 189
55 61 135
55 62 138
55 63 53
55 64 164
55 65 178
55 66 38
55 67 152
55 68 151
55 69 101
55 70 145
55 71 115
55 72 97
55 73 115
55 74 106
55 75 191
55 76 169
55 77 81
55 78 117
55 79 123
55 80 239
55 81 99
55 82 149
55 83 118
55 84 110
55 85 60
55 86 131
55 87 170
55 88 135
55 89 61
55 90 146
55 91 136
55 92 145
55 93 166
56 0 133
56 1 143
56 2 230
56 3 44
56 4 194
56 5 180
56 6 154
56 7 198
56 8 120
56 9 123
56 10 140
56 11 74
56 12 149
56 13 5
56 14 184
56 15 56
56 16 91
56 17 98
56 18 152
56 19 120
56 20 83
56 21 118
56 22 184
56 23 82
56 24 86
56 25 105
56 26 211
56 27 129
56 28 182
56 29 138
56 30 143
56 31 174
56 32 140
56 33 104
56 34 111
56 35 164
56 36 87
56 37 62
56 38 79
56 39 66
56 40 170
56 41 106
56 42 63
56 43 257
56 44 104
56 45 220
56 46 202
56 47 216
56 48 147
56 49 68
56 50 146
56 51 145
56 52 145
56 53 123
56 54 108
56 55 65
56 57 133
56 58 175
56 59 184
56 60 225
56 61 87
56 62 90
56 63 101
56 64 126
56 65 140
56 66 43
56 67 114
56 68 194
56 69 80
56 70 183
56 71 163
56 72 138
56 73 120
56 74 58
56 75 153
56 76 131
56 77 43
56 78 94
56 79 160
56 80 201
56 81 51
56 82 186
56 83 153
56 84 142
56 85 62
56 86 83
56 87 122
56 88 87
56 89 65
56 90 108
56 91 87
56 92 183
56 93 128
57 0 156
57 1 166
57 2 158
57 3 167
57 4 281
57 5 202
57 6 246
57 7 285
57 8 90
57 9 83
57 10 176
57 11 156
57 12 43
57 13 163
57 14 206
57 15 163
57 16 113
57 17 121
57 18 150
57 19 118
57 20 109
57 21 79
57 22 136
57 23 81
57 24 173
57 25 158
57 26 177
57 27 38
57 28 143
57 29 108
57 30 63
57 31 213
57 32 184
57 33 147
57 34 142
57 35 202
57 36 140
57 37 149
57 38 150
57 39 118
57 40 192
57 41 45
57 42 173
57 43 344
57 44 191
57 45 234
57 46 235
57 47 175
57 48 103
57 49 137
57 50 177
57 51 183
57 52 183
57 53 59
57 54 161
57 55 127
57 56 159
57 58 197
57 59 206
57 60 132
57 61 174
57 62 177
57 63 103
57 64 114
57 65 103
57 66 158
57 67 19
57 68 120
57 69 160
57 70 221
57 71 57
57 72 173
57 73 191
57 74 145
57 75 82
57 76 61
57 77 120
57 78 152
57 79 199
57 80 223
57 81 138
57 82 187
57 83 194
57 84 186
57 85 140
57 86 170
57 87 210
57 88 175
57 89 137
57 90 195
57 91 175
57 92 221
57 93 58
58 0 41
58 1 31
58 2 262
58 3 165
58 4 157
58 5 5
58 6 178
58 7 161
58 8 118
58 9 131
58 10 225
58 11 97
58 12 196
58 13 161
58 14 9
58 15 133
58 16 83
58 17 76
58 18 188
58 19 156
58 20 119
58 21 166
58 22 220
58 23 129
58 24 132
58 25 208
58 26 243
58 27 176
58 28 218
58 29 100
58 30 190
58 31 249
58 32 227
58 33 197
58 34 192
58 35 245
58 36 190
58 37 147
58 38 200
58 39 129
58 40 5
58 41 153
58 42 171
58 43 153
58 44 132
58 45 45
58 46 27
58 47 253
58 48 185
58 49 154
58 50 220
58 51 230
58 52 233
58 53 170
58 54 193
58 55 177
58 56 157
58 57 180
58 59 9
58 60 262
58 61 172
58 62 157
58 63 154
58 64 108
58 65 100
58 66 156
58 67 161
58 68 230
58 69 90
58 70 263
58 71 201
58 72 223
58 73 234
58 74 143
58 75 121
58 76 143
58 77 118
58 78 97
58 79 235
58 80 26
58 81 136
58 82 222
58 83 230
58 84 230
58 85 190
58 86 168
58 87 162
58 88 172
58 89 187
58 90 193
58 91 172
58 92 263
58 93 146
59 0 49
59 1 39
59 2 270
59 3 173
59 4 148
59 5 4
59 6 174
59 7 152
59 8 126
59 9 139
59 10 233
59 11 105
59 12 204
59 13 169
59 14 0
59 15 141
59 16 91
59 17 84
59 18 196
59 19 164
59 20 127
59 21 174
59 22 228
59 23 137
59 24 140
59 25 216
59 26 251
59 27 184
59 28 226
59 29 108
59 30 198
59 31 257
59 32 235
59 33 205
59 34 200
59 35 253
59 36 198
59 37 155
59 38 208
59 39 137
59 40 14
59 41 161
59 42 179
59 43 144
59 44 140
59 45 36
59 46 18
59 47 261
59 48 193
59 49 162
59 50 228
59 51 238
59 52 241
59 53 178
59 54 201
59 55 185
59 56 165
59 57 188
59 58 9
59 60 270
59 61 180
59 62 165
59 63 162
59 64 116
59 65 108
59 66 164
59 67 169
59 68 238
59 69 98
59 70 271
59 71 209
59 72 231
59 73 242
59 74 151
59 75 129
59 76 151
59 77 126
59 78 105
59 79 243
59 80 17
59 81 144
59 82 230
59 83 238
59 84 238
59 85 198
59 86 176
59 87 153
59 88 180
59 89 195
59 90 201
59 91 180
59 92 271
59 93 154
60 0 237
60 1 247
60 2 27
60 3 239
60 4 373
60 5 283
60 6 338
60 7 377
60 8 221
60 9 214
60 10 168
60 11 254
60 12 136
60 13 233
60 14 287
60 15 255
60 16 195
60 17 202
60 18 90
60 19 121
60 20 159
60 21 165
60 22 68
60 23 196
60 24 265
60 25 160
60 26 46
60 27 153
60 28 71
60 29 239
60 30 141
60 31 124
60 32 115
60 33 151
60 34 147
60 35 126
60 36 203
60 37 241
60 38 158
60 39 192
60 40 273
60 41 177
60 42 244
60 43 435
60 44 283
60 45 315
60 46 305
60 47 48
60 48 111
60 49 202
60 50 111
60 51 176
60 52 194
60 53 161
60 54 200
60 55 190
60 56 238
60 57 132
60 58 278
60 59 287
60 61 248
60 62 255
60 63 124
60 64 230
60 65 235
60 66 228
60 67 151
60 68 59
60 69 252
60 70 137
60 71 74
60 72 170
60 73 118
60 74 237
60 75 214
60 76 192
60 77 212
60 78 234
60 79 110
60 80 304
60 81 230
60 82 56
60 83 105
60 84 197
60 85 203
60 86 244
60 87 280
60 88 245
60 89 200
60 90 233
60 91 248
60 92 137
60 93 189
61 0 153
61 1 163
61 2 245
61 3 65
61 4 207
61 5 200
61 6 136
61 7 211
61 8 140
61 9 143
61 10 84
61 11 112
61 12 169
61 13 71
61 14 204
61 15 106
61 16 111
61 17 118
61 18 172
61 19 140
61 20 103
61 21 138
61 22 204
61 23 102
61 24 99
61 25 119
61 26 227
61 27 149
61 28 202
61 29 158
61 30 163
61 31 128
61 32 158
61 33 128
61 34 133
61 35 146
61 36 101
61 37 75
61 38 121
61 39 112
61 40 190
61 41 126
61 42 61
61 43 225
61 44 117
61 45 240
61 46 222
61 47 236
61 48 169
61 49 102
61 50 161
61 51 79
61 52 61
61 53 143
61 54 52
61 55 115
61 56 67
61 57 153
61 58 195
61 59 204
61 60 245
61 62 61
61 63 137
61 64 146
61 65 160
61 66 76
61 67 134
61 68 214
61 69 115
61 70 117
61 71 185
61 72 82
61 73 155
61 74 81
61 75 173
61 76 151
61 77 63
61 78 117
61 79 158
61 80 221
61 81 44
61 82 206
61 83 163
61 84 58
61 85 101
61 86 4
61 87 65
61 88 51
61 89 104
61 90 21
61 91 0
61 92 117
61 93 148
62 0 150
62 1 161
62 2 270
62 3 84
62 4 134
62 5 197
62 6 99
62 7 138
62 8 164
62 9 167
62 10 118
62 11 80
62 12 193
62 13 95
62 14 201
62 15 44
62 16 144
62 17 151
62 18 197
62 19 165
62 20 128
62 21 163
62 22 229
62 23 126
62 24 26
62 25 163
62 26 250
62 27 173
62 28 227
62 29 181
62 30 187
62 31 161
62 32 192
62 33 161
62 34 166
62 35 182
62 36 105
62 37 28
62 38 154
62 39 137
62 40 187
62 41 150
62 42 65
62 43 197
62 44 44
62 45 237
62 46 219
62 47 261
62 48 194
62 49 126
62 50 195
62 51 136
62 52 118
62 53 167
62 54 85
62 55 139
62 56 91
62 57 177
62 58 192
62 59 201
62 60 270
62 61 62
62 63 162
62 64 159
62 65 173
62 66 100
62 67 158
62 68 239
62 69 86
62 70 174
62 71 210
62 72 115
62 73 189
62 74 47
62 75 197
62 76 175
62 77 87
62 78 100
62 79 191
62 80 218
62 81 29
62 82 229
62 83 196
62 84 115
62 85 120
62 86 58
62 87 70
62 88 35
62 89 123
62 90 78
62 91 63
62 92 174
62 93 172
63 0 113
63 1 123
63 2 108
63 3 73
63 4 249
63 5 159
63 6 189
63 7 253
63 8 110
63 9 113
63 10 74
63 11 129
63 12 73
63 13 67
63 14 163
63 15 131
63 16 70
63 17 78
63 18 34
63 19 3
63 20 35
63 21 64
63 22 67
63 23 72
63 24 141
63 25 55
63 26 90
63 27 92
63 28 65
63 29 128
63 30 68
63 31 95
63 32 74
63 33 44
63 34 39
63 35 92
63 36 37
63 37 117
63 38 47
63 39 68
63 40 149
63 41 96
63 42 78
63 43 312
63 44 159
63 45 199
63 46 181
63 47 99
63 48 46
63 49 36
63 50 67
63 51 80
63 52 80
63 53 88
63 54 59
63 55 24
63 56 71
63 57 98
63 58 154
63 59 163
63 60 108
63 61 106
63 62 114
63 64 105
63 65 120
63 66 62
63 67 105
63 68 77
63 69 128
63 70 109
63 71 62
63 72 71
63 73 81
63 74 113
63 75 144
63 76 122
63 77 88
63 78 109
63 79 81
63 80 180
63 81 82
63 82 69
63 83 76
63 84 83
63 85 37
63 86 102
63 87 138
63 88 103
63 89 34
63 90 119
63 91 106
63 92 109
63 93 119
64 0 94
64 1 104
64 2 240
64 3 146
64 4 249
64 5 140
64 6 205
64 7 253
64 8 24
64 9 46
64 10 206
64 11 79
64 12 124
64 13 142
64 14 144
64 15 115
64 16 64
64 17 59
64 18 169
64 19 137
64 20 100
64 21 79
64 22 176
64 23 62
64 24 152
64 25 188
64 26 215
64 27 105
64 28 174
64 29 22
64 30 104
64 31 229
64 32 208
64 33 177
64 34 172
64 35 226
64 36 170
64 37 128
64 38 180
64 39 109
64 40 130
64 41 81
64 42 152
64 43 288
64 44 159
64 45 180
64 46 162
64 47 216
64 48 134
64 49 139
64 50 201
64 51 211
64 52 214
64 53 84
64 54 174
64 55 157
64 56 138
64 57 113
64 58 135
64 59 144
64 60 242
64 61 153
64 62 159
64 63 134
64 65 52
64 66 137
64 67 94
64 68 201
64 69 100
64 70 243
64 71 170
64 72 204
64 73 215
64 74 124
64 75 66
64 76 63
64 77 99
64 78 59
64 79 215
64 80 161
64 81 117
64 82 203
64 83 210
64 84 211
64 85 170
64 86 149
64 87 188
64 88 153
64 89 167
64 90 174
64 91 153
64 92 243
64 93 66
65 0 63
65 1 74
65 2 235
65 3 161
65 4 238
65 5 110
65 6 195
65 7 242
65 8 49
65 9 41
65 10 221
65 11 113
65 12 119
65 13 157
65 14 114
65 15 149
65 16 79
65 17 72
65 18 184
65 19 152
65 20 115
65 21 119
65 22 201
65 23 86
65 24 148
65 25 204
65 26 239
65 27 100
65 28 214
65 29 31
65 30 129
65 31 244
65 32 223
65 33 193
65 34 188
65 35 241
65 36 186
65 37 143
65 38 196
65 39 125
65 40 100
65 41 76
65 42 167
65 43 258
65 44 148
65 45 150
65 46 132
65 47 241
65 48 174
65 49 150
65 50 216
65 51 226
65 52 229
65 53 109
65 54 189
65 55 173
65 56 153
65 57 104
65 58 105
65 59 114
65 60 235
65 61 168
65 62 171
65 63 149
65 64 52
65 66 152
65 67 84
65 68 196
65 69 107
65 70 258
65 71 161
65 72 219
65 73 230
65 74 139
65 75 21
65 76 43
65 77 114
65 78 93
65 79 230
65 80 131
65 81 132
65 82 218
65 83 225
65 84 226
65 85 186
65 86 164
65 87 191
65 88 168
65 89 183
65 90 189
65 91 168
65 92 258
65 93 46
66 0 133
66 1 143
66 2 216
66 3 59
66 4 204
66 5 180
66 6 168
66 7 208
66 8 120
66 9 123
66 10 138
66 11 59
66 12 149
66 13 38
66 14 184
66 15 81
66 16 91
66 17 98
66 18 152
66 19 120
66 20 83
66 21 100
66 22 178
66 23 82
66 24 96
66 25 120
66 26 197
66 27 129
66 28 176
66 29 138
66 30 143
66 31 175
66 32 113
66 33 77
66 34 98
66 35 164
66 36 102
66 37 72
66 38 97
66 39 41
66 40 170
66 41 106
66 42 78
66 43 267
66 44 114
66 45 220
66 46 202
66 47 216
66 48 137
66 49 43
66 50 134
66 51 145
66 52 145
66 53 123
66 54 118
66 55 38
66 56 42
66 57 133
66 58 175
66 59 184
66 60 225
66 61 97
66 62 100
66 63 91
66 64 126
66 65 140
66 67 114
66 68 188
66 69 63
66 70 183
66 71 153
66 72 135
66 73 137
66 74 68
66 75 153
66 76 131
66 77 43
66 78 79
66 79 161
66 80 201
66 81 61
66 82 187
66 83 156
66 84 155
66 85 77
66 86 93
66 87 132
66 88 97
66 89 80
66 90 118
66 91 98
66 92 183
66 93 128
67 0 136
67 1 146
67 2 177
67 3 147
67 4 261
67 5 182
67 6 226
67 7 265
67 8 70
67 9 63
67 10 195
67 11 136
67 12 62
67 13 143
67 14 186
67 15 143
67 16 93
67 17 101
67 18 169
67 19 137
67 20 112
67 21 82
67 22 155
67 23 61
67 24 153
67 25 177
67 26 196
67 27 43
67 28 162
67 29 88
67 30 82
67 31 232
67 32 203
67 33 166
67 34 161
67 35 221
67 36 159
67 37 129
67 38 169
67 39 114
67 40 172
67 41 41
67 42 153
67 43 324
67 44 171
67 45 214
67 46 215
67 47 194
67 48 122
67 49 142
67 50 196
67 51 202
67 52 202
67 53 62
67 54 176
67 55 146
67 56 139
67 57 19
67 58 177
67 59 186
67 60 151
67 61 154
67 62 157
67 63 122
67 64 94
67 65 84
67 66 138
67 68 139
67 69 140
67 70 240
67 71 76
67 72 192
67 73 210
67 74 125
67 75 63
67 76 42
67 77 100
67 78 132
67 79 218
67 80 203
67 81 118
67 82 206
67 83 213
67 84 212
67 85 159
67 86 150
67 87 190
67 88 155
67 89 156
67 90 175
67 91 155
67 92 240
67 93 39
68 0 204
68 1 214
68 2 39
68 3 200
68 4 341
68 5 250
68 6 306
68 7 345
68 8 182
68 9 155
68 10 145
68 11 221
68 12 77
68 13 194
68 14 254
68 15 223
68 16 162
68 17 170
68 18 76
68 19 89
68 20 127
68 21 126
68 22 54
68 23 173
68 24 233
68 25 121
68 26 70
68 27 97
68 28 57
68 29 200
68 30 102
68 31 110
68 32 101
68 33 112
68 34 108
68 35 112
68 36 164
68 37 209
68 38 119
68 39 160
68 40 240
68 41 120
68 42 205
68 43 396
68 44 251
68 45 290
68 46 272
68 47 72
68 48 72
68 49 163
68 50 97
68 51 166
68 52 184
68 53 120
68 54 178
68 55 151
68 56 198
68 57 120
68 58 245
68 59 254
68 60 58
68 61 226
68 62 233
68 63 92
68 64 201
68 65 197
68 66 189
68 67 139
68 69 220
68 70 123
68 71 78
68 72 148
68 73 104
68 74 205
68 75 202
68 76 181
68 77 180
68 78 201
68 79 96
68 80 271
68 81 198
68 82 80
68 83 91
68 84 187
68 85 164
68 86 222
68 87 257
68 88 223
68 89 161
68 90 224
68 91 226
68 92 123
68 93 178
69 0 83
69 1 94
69 2 251
69 3 104
69 4 149
69 5 130
69 6 105
69 7 153
69 8 124
69 9 138
69 10 164
69 11 21
69 12 175
69 13 85
69 14 134
69 15 43
69 16 85
69 17 80
69 18 178
69 19 146
69 20 109
69 21 144
69 22 210
69 23 108
69 24 59
69 25 183
69 26 233
69 27 155
69 28 208
69 29 107
69 30 169
69 31 208
69 32 176
69 33 140
69 34 164
69 35 227
69 36 150
69 37 86
69 38 160
69 39 104
69 40 120
69 41 132
69 42 110
69 43 212
69 44 59
69 45 170
69 46 152
69 47 242
69 48 175
69 49 108
69 50 199
69 51 169
69 52 172
69 53 149
69 54 132
69 55 101
69 56 81
69 57 159
69 58 125
69 59 134
69 60 251
69 61 111
69 62 87
69 63 143
69 64 100
69 65 107
69 66 63
69 67 140
69 68 220
69 70 207
69 71 191
69 72 162
69 73 200
69 74 67
69 75 128
69 76 157
69 77 69
69 78 41
69 79 224
69 80 151
69 81 75
69 82 212
69 83 219
69 84 169
69 85 140
69 86 107
69 87 102
69 88 111
69 89 143
69 90 132
69 91 112
69 92 207
69 93 154
70 0 252
70 1 262
70 2 138
70 3 182
70 4 291
70 5 298
70 6 236
70 7 295
70 8 256
70 9 260
70 10 82
70 11 229
70 12 200
70 13 188
70 14 302
70 15 218
70 16 210
70 17 217
70 18 119
70 19 140
70 20 174
70 21 209
70 22 148
70 23 219
70 24 200
70 25 110
70 26 118
70 27 219
70 28 143
70 29 274
70 30 195
70 31 14
70 32 103
70 33 121
70 34 127
70 35 84
70 36 133
70 37 191
70 38 118
70 39 207
70 40 288
70 41 243
70 42 157
70 43 288
70 44 218
70 45 338
70 46 320
70 47 130
70 48 164
70 49 172
70 50 106
70 51 39
70 52 57
70 53 215
70 54 105
70 55 150
70 56 184
70 57 225
70 58 293
70 59 302
70 60 139
70 61 117
70 62 174
70 63 127
70 64 245
70 65 259
70 66 193
70 67 251
70 68 151
70 69 232
70 71 178
70 72 84
70 73 95
70 74 198
70 75 290
70 76 268
70 77 180
70 78 234
70 79 59
70 80 319
70 81 161
70 82 97
70 83 64
70 84 60
70 85 143
70 86 121
70 87 162
70 88 150
70 89 140
70 90 96
70 91 116
70 92 0
70 93 265
71 0 176
71 1 186
71 2 101
71 3 165
71 4 313
71 5 222
71 6 278
71 7 317
71 8 147
71 9 140
71 10 140
71 11 193
71 12 62
71 13 159
71 14 226
71 15 195
71 16 134
71 17 141
71 18 99
71 19 84
71 20 98
71 21 91
71 22 79
71 23 138
71 24 205
71 25 116
71 26 120
71 27 79
71 28 86
71 29 165
71 30 67
71 31 156
71 32 127
71 33 107
71 34 103
71 35 145
71 36 129
71 37 181
71 38 114
71 39 132
71 40 212
71 41 102
71 42 170
71 43 376
71 44 223
71 45 254
71 46 255
71 47 118
71 48 67
71 49 128
71 50 120
71 51 161
71 52 179
71 53 87
71 54 150
71 55 116
71 56 163
71 57 57
71 58 217
71 59 226
71 60 74
71 61 197
71 62 205
71 63 92
71 64 169
71 65 161
71 66 154
71 67 76
71 68 78
71 69 192
71 70 179
71 72 143
71 73 134
71 74 177
71 75 140
71 76 118
71 77 152
71 78 173
71 79 142
71 80 243
71 81 170
71 82 130
71 83 137
71 84 182
71 85 129
71 86 193
71 87 229
71 88 194
71 89 126
71 90 219
71 91 197
71 92 178
71 93 115
72 0 182
72 1 192
72 2 155
72 3 94
72 4 216
72 5 229
72 6 161
72 7 220
72 8 169
72 9 172
72 10 2
72 11 141
72 12 131
72 13 100
72 14 233
72 15 129
72 16 140
72 17 147
72 18 103
72 19 86
72 20 105
72 21 140
72 22 123
72 23 131
72 24 111
72 25 54
72 26 135
72 27 150
72 28 121
72 29 187
72 30 126
72 31 46
72 32 77
72 33 63
72 34 68
72 35 65
72 36 64
72 37 104
72 38 56
72 39 141
72 40 219
72 41 155
72 42 72
72 43 279
72 44 129
72 45 269
72 46 251
72 47 147
72 48 104
72 49 103
72 50 80
72 51 49
72 52 56
72 53 146
72 54 30
72 55 81
72 56 96
72 57 156
72 58 224
72 59 233
72 60 156
72 61 78
72 62 85
72 63 58
72 64 175
72 65 189
72 66 105
72 67 163
72 68 133
72 69 144
72 70 60
72 71 120
72 73 74
72 74 110
72 75 202
72 76 180
72 77 92
72 78 146
72 79 76
72 80 250
72 81 73
72 82 114
72 83 81
72 84 59
72 85 74
72 86 74
72 87 110
72 88 75
72 89 71
72 90 99
72 91 78
72 92 60
72 93 177
73 0 210
73 1 220
73 2 110
73 3 139
73 4 314
73 5 256
73 6 274
73 7 318
73 8 208
73 9 211
73 10 86
73 11 194
73 12 165
73 13 115
73 14 260
73 15 176
73 16 168
73 17 175
73 18 83
73 19 95
73 20 132
73 21 161
73 22 104
73 23 170
73 24 206
73 25 62
73 26 91
73 27 184
73 28 102
73 29 226
73 30 160
73 31 54
73 32 58
73 33 76
73 34 82
73 35 57
73 36 105
73 37 182
73 38 41
73 39 161
73 40 246
73 41 194
73 42 146
73 43 337
73 44 224
73 45 296
73 46 278
73 47 108
73 48 120
73 49 137
73 50 61
73 51 107
73 52 125
73 53 180
73 54 119
73 55 115
73 56 120
73 57 190
73 58 251
73 59 260
73 60 117
73 61 167
73 62 174
73 63 92
73 64 203
73 65 217
73 66 137
73 67 203
73 68 114
73 69 200
73 70 68
73 71 133
73 72 89
73 74 178
73 75 242
73 76 220
73 77 163
73 78 214
73 79 40
73 80 277
73 81 150
73 82 75
73 83 33
73 84 128
73 85 105
73 86 163
73 87 198
73 88 164
73 89 102
73 90 165
73 91 167
73 92 68
73 93 217
74 0 145
74 1 155
74 2 237
74 3 37
74 4 154
74 5 192
74 6 111
74 7 158
74 8 132
74 9 135
74 10 130
74 11 61
74 12 161
74 13 63
74 14 196
74 15 25
74 16 103
74 17 110
74 18 164
74 19 132
74 20 95
74 21 131
74 22 196
74 23 94
74 24 47
74 25 116
74 26 219
74 27 141
74 28 194
74 29 150
74 30 155
74 31 174
74 32 182
74 33 145
74 34 150
74 35 178
74 36 101
74 37 52
74 38 138
74 39 104
74 40 182
74 41 118
74 42 76
74 43 217
74 44 64
74 45 232
74 46 214
74 47 228
74 48 161
74 49 94
74 50 185
74 51 135
74 52 138
74 53 135
74 54 98
74 55 107
74 56 59
74 57 145
74 58 187
74 59 196
74 60 237
74 61 77
74 62 47
74 63 129
74 64 138
74 65 152
74 66 68
74 67 126
74 68 206
74 69 67
74 70 173
74 71 177
74 72 128
74 73 179
74 75 165
74 76 143
74 77 55
74 78 81
74 79 187
74 80 213
74 81 41
74 82 198
74 83 201
74 84 135
74 85 73
74 86 73
74 87 107
74 88 77
74 89 76
74 90 98
74 91 77
74 92 173
74 93 140
75 0 84
75 1 95
75 2 241
75 3 161
75 4 259
75 5 131
75 6 216
75 7 263
75 8 66
75 9 48
75 10 222
75 11 134
75 12 125
75 13 157
75 14 135
75 15 157
75 16 107
75 17 93
75 18 195
75 19 163
75 20 126
75 21 131
75 22 218
75 23 75
75 24 167
75 25 215
75 26 260
75 27 106
75 28 225
75 29 52
75 30 145
75 31 256
75 32 234
75 33 204
75 34 199
75 35 252
75 36 197
75 37 143
75 38 207
75 39 136
75 40 121
75 41 83
75 42 167
75 43 279
75 44 169
75 45 171
75 46 153
75 47 257
75 48 186
75 49 168
75 50 227
75 51 227
75 52 229
75 53 125
75 54 190
75 55 190
75 56 153
75 57 82
75 58 126
75 59 135
75 60 214
75 61 168
75 62 171
75 63 161
75 64 66
75 65 21
75 66 152
75 67 63
75 68 202
75 69 128
75 70 265
75 71 140
75 72 220
75 73 241
75 74 139
75 76 22
75 77 114
75 78 114
75 79 242
75 80 152
75 81 132
75 82 229
75 83 237
75 84 226
75 85 197
75 86 164
75 87 204
75 88 169
75 89 200
75 90 189
75 91 169
75 92 265
75 93 25
76 0 106
76 1 117
76 2 219
76 3 139
76 4 253
76 5 153
76 6 218
76 7 257
76 8 62
76 9 45
76 10 200
76 11 128
76 12 104
76 13 135
76 14 157
76 15 135
76 16 85
76 17 93
76 18 173
76 19 141
76 20 104
76 21 109
76 22 196
76 23 53
76 24 145
76 25 193
76 26 238
76 27 85
76 28 203
76 29 61
76 30 123
76 31 234
76 32 212
76 33 182
76 34 177
76 35 230
76 36 175
76 37 121
76 38 185
76 39 114
76 40 143
76 41 75
76 42 145
76 43 316
76 44 163
76 45 188
76 46 175
76 47 235
76 48 164
76 49 146
76 50 205
76 51 205
76 52 207
76 53 103
76 54 168
76 55 168
76 56 131
76 57 61
76 58 148
76 59 157
76 60 192
76 61 146
76 62 149
76 63 139
76 64 63
76 65 43
76 66 130
76 67 42
76 68 181
76 69 132
76 70 243
76 71 118
76 72 198
76 73 219
76 74 117
76 75 22
76 77 92
76 78 122
76 79 220
76 80 174
76 81 110
76 82 207
76 83 215
76 84 204
76 85 175
76 86 142
76 87 182
76 88 147
76 89 178
76 90 167
76 91 147
76 92 243
76 93 3
77 0 90
77 1 100
77 2 182
77 3 47
77 4 161
77 5 137
77 6 126
77 7 165
77 8 77
77 9 80
77 10 108
77 11 36
77 12 106
77 13 43
77 14 141
77 15 43
77 16 48
77 17 55
77 18 109
77 19 77
77 20 40
77 21 76
77 22 141
77 23 39
77 24 53
77 25 126
77 26 164
77 27 86
77 28 139
77 29 95
77 30 100
77 31 152
77 32 152
77 33 115
77 34 95
77 35 170
77 36 93
77 37 29
77 38 118
77 39 49
77 40 127
77 41 63
77 42 53
77 43 224
77 44 71
77 45 177
77 46 159
77 47 173
77 48 106
77 49 39
77 50 130
77 51 113
77 52 115
77 53 80
77 54 76
77 55 76
77 56 39
77 57 90
77 58 132
77 59 141
77 60 182
77 61 54
77 62 57
77 63 74
77 64 83
77 65 97
77 66 38
77 67 71
77 68 151
77 69 40
77 70 151
77 71 122
77 72 106
77 73 159
77 74 25
77 75 110
77 76 88
77 78 54
77 79 155
77 80 158
77 81 18
77 82 143
77 83 150
77 84 112
77 85 83
77 86 50
77 87 90
77 88 55
77 89 86
77 90 75
77 91 55
77 92 151
77 93 85
78 0 85
78 1 95
78 2 221
78 3 105
78 4 190
78 5 131
78 6 146
78 7 194
78 8 82
78 9 104
78 10 166
78 11 20
78 12 156
78 13 99
78 14 135
78 15 56
78 16 43
78 17 50
78 18 148
78 19 116
78 20 79
78 21 122
78 22 180
78 23 89
78 24 100
78 25 167
78 26 203
78 27 136
78 28 178
78 29 80
78 30 150
78 31 208
78 32 192
78 33 156
78 34 135
78 35 205
78 36 149
78 37 87
78 38 159
78 39 88
78 40 121
78 41 113
78 42 111
78 43 253
78 44 100
78 45 171
78 46 153
78 47 212
78 48 144
78 49 80
78 50 171
78 51 171
78 52 173
78 53 130
78 54 134
78 55 117
78 56 95
78 57 140
78 58 126
78 59 135
78 60 221
78 61 112
78 62 100
78 63 113
78 64 59
78 65 92
78 66 79
78 67 121
78 68 190
78 69 41
78 70 209
78 71 160
78 72 164
78 73 194
78 74 81
78 75 113
78 76 121
78 77 58
78 79 194
78 80 152
78 81 76
78 82 182
78 83 189
78 84 170
78 85 141
78 86 108
78 87 143
78 88 113
78 89 144
78 90 133
78 91 113
78 92 209
78 93 124
79 0 207
79 1 217
79 2 75
79 3 129
79 4 276
79 5 253
79 6 221
79 7 280
79 8 204
79 9 207
79 10 58
79 11 201
79 12 169
79 13 152
79 14 257
79 15 189
79 16 165
79 17 172
79 18 60
79 19 92
79 20 129
79 21 158
79 22 92
79 23 166
79 24 171
79 25 50
79 26 56
79 27 188
79 28 83
79 29 222
79 30 164
79 31 14
79 32 44
79 33 80
79 34 86
79 35 17
79 36 94
79 37 171
79 38 77
79 39 162
79 40 243
79 41 190
79 42 135
79 43 319
79 44 189
79 45 293
79 46 275
79 47 71
79 48 123
79 49 141
79 50 50
79 51 67
79 52 85
79 53 184
79 54 90
79 55 119
79 56 156
79 57 194
79 58 248
79 59 257
79 60 80
79 61 138
79 62 145
79 63 94
79 64 200
79 65 214
79 66 157
79 67 199
79 68 92
79 69 204
79 70 28
79 71 137
79 72 60
79 73 36
79 74 166
79 75 238
79 76 216
79 77 152
79 78 204
79 80 274
79 81 140
79 82 38
79 83 5
79 84 88
79 85 93
79 86 134
79 87 170
79 88 135
79 89 90
79 90 124
79 91 138
79 92 28
79 93 213
80 0 96
80 1 86
80 2 313
80 3 220
80 4 182
80 5 51
80 6 208
80 7 186
80 8 190
80 9 183
80 10 280
80 11 152
80 12 224
80 13 216
80 14 47
80 15 188
80 16 138
80 17 131
80 18 243
80 19 211
80 20 174
80 21 221
80 22 281
80 23 181
80 24 187
80 25 263
80 26 298
80 27 227
80 28 273
80 29 155
80 30 230
80 31 304
80 32 282
80 33 252
80 34 247
80 35 300
80 36 245
80 37 202
80 38 255
80 39 184
80 40 61
80 41 203
80 42 226
80 43 178
80 44 187
80 45 29
80 46 1
80 47 314
80 48 240
80 49 209
80 50 275
80 51 285
80 52 288
80 53 231
80 54 248
80 55 232
80 56 212
80 57 205
80 58 56
80 59 47
80 60 303
80 61 227
80 62 212
80 63 209
80 64 163
80 65 161
80 66 211
80 67 201
80 68 280
80 69 145
80 70 318
80 71 241
80 72 278
80 73 289
80 74 198
80 75 158
80 76 165
80 77 173
80 78 152
80 79 290
80 81 191
80 82 277
80 83 285
80 84 285
80 85 245
80 86 223
80 87 187
80 88 227
80 89 242
80 90 248
80 91 227
80 92 318
80 93 177
81 0 109
81 1 119
81 2 201
81 3 20
81 4 132
81 5 156
81 6 97
81 7 136
81 8 95
81 9 98
81 10 89
81 11 67
81 12 124
81 13 26
81 14 160
81 15 46
81 16 67
81 17 74
81 18 128
81 19 96
81 20 59
81 21 94
81 22 160
81 23 57
81 24 25
81 25 99
81 26 183
81 27 104
81 28 158
81 29 113
81 30 118
81 31 133
81 32 145
81 33 108
81 34 113
81 35 122
81 36 46
81 37 0
81 38 101
81 39 68
81 40 146
81 41 81
81 42 5
81 43 195
81 44 42
81 45 196
81 46 178
81 47 192
81 48 125
81 49 57
81 50 148
81 51 94
81 52 96
81 53 98
81 54 57
81 55 70
81 56 22
81 57 108
81 58 151
81 59 160
81 60 201
81 61 36
81 62 28
81 63 93
81 64 102
81 65 116
81 66 31
81 67 89
81 68 170
81 69 70
81 70 132
81 71 141
81 72 87
81 73 142
81 74 36
81 75 128
81 76 106
81 77 18
81 78 72
81 79 170
81 80 177
81 82 162
81 83 169
81 84 93
81 85 56
81 86 32
81 87 71
81 88 36
81 89 59
81 90 56
81 91 36
81 92 132
81 93 103
82 0 190
82 1 200
82 2 27
82 3 190
82 4 326
82 5 236
82 6 291
82 7 330
82 8 187
82 9 190
82 10 125
82 11 206
82 12 150
82 13 184
82 14 240
82 15 208
82 16 148
82 17 155
82 18 43
82 19 74
82 20 112
82 21 141
82 22 75
82 23 149
82 24 218
82 25 117
82 26 7
82 27 169
82 28 62
82 29 205
82 30 147
82 31 81
82 32 68
82 33 104
82 34 95
82 35 83
82 36 154
82 37 194
82 38 117
82 39 145
82 40 226
82 41 173
82 42 195
82 43 389
82 44 236
82 45 276
82 46 258
82 47 35
82 48 102
82 49 151
82 50 60
82 51 134
82 52 152
82 53 162
82 54 157
82 55 143
82 56 188
82 57 175
82 58 231
82 59 240
82 60 56
82 61 205
82 62 222
82 63 77
82 64 182
82 65 197
82 66 181
82 67 182
82 68 80
82 69 205
82 70 95
82 71 123
82 72 127
82 73 76
82 74 190
82 75 221
82 76 199
82 77 165
82 78 186
82 79 46
82 80 257
82 81 183
82 83 42
82 84 155
82 85 154
82 86 201
82 87 237
82 88 202
82 89 151
82 90 191
82 91 205
82 92 95
82 93 196
83 0 202
83 1 212
83 2 74
83 3 135
83 4 281
83 5 248
83 6 226
83 7 285
83 8 199
83 9 202
83 10 63
83 11 207
83 12 164
83 13 128
83 14 252
83 15 189
83 16 160
83 17 167
83 18 55
83 19 87
83 20 124
83 21 153
83 22 86
83 23 161
83 24 176
83 25 56
83 26 54
83 27 183
83 28 78
83 29 217
83 30 158
83 31 19
83 32 39
83 33 75
83 34 81
83 35 22
83 36 99
83 37 176
83 38 53
83 39 157
83 40 238
83 41 185
83 42 140
83 43 324
83 44 194
83 45 288
83 46 270
83 47 65
83 48 118
83 49 136
83 50 45
83 51 72
83 52 90
83 53 178
83 54 95
83 55 114
83 56 133
83 57 189
83 58 243
83 59 252
83 60 75
83 61 143
83 62 150
83 63 89
83 64 195
83 65 209
83 66 152
83 67 194
83 68 87
83 69 215
83 70 33
83 71 132
83 72 65
83 73 13
83 74 172
83 75 233
83 76 211
83 77 157
83 78 199
83 79 5
83 80 269
83 81 145
83 82 33
83 84 93
83 85 99
83 86 139
83 87 175
83 88 140
83 89 96
83 90 129
83 91 143
83 92 33
83 93 208
84 0 211
84 1 221
84 2 197
84 3 123
84 4 249
84 5 258
84 6 197
84 7 253
84 8 197
84 9 201
84 10 66
84 11 170
84 12 165
84 13 129
84 14 262
84 15 159
84 16 169
84 17 176
84 18 152
84 19 120
84 20 139
84 21 174
84 22 177
84 23 160
84 24 141
84 25 88
84 26 177
84 27 184
84 28 176
84 29 215
84 30 160
84 31 73
84 32 132
84 33 97
84 34 102
84 35 119
84 36 82
84 37 132
84 38 90
84 39 170
84 40 248
84 41 184
84 42 98
84 43 247
84 44 159
84 45 298
84 46 280
84 47 189
84 48 138
84 49 137
84 50 135
84 51 21
84 52 3
84 53 180
84 54 59
84 55 115
84 56 125
84 57 190
84 58 253
84 59 262
84 60 198
84 61 58
84 62 115
84 63 92
84 64 204
84 65 218
84 66 134
84 67 192
84 68 188
84 69 173
84 70 60
84 71 154
84 72 63
84 73 129
84 74 139
84 75 231
84 76 209
84 77 121
84 78 175
84 79 118
84 80 279
84 81 102
84 82 156
84 83 123
84 85 97
84 86 62
84 87 103
84 88 109
84 89 100
84 90 36
84 91 57
84 92 59
84 93 206
85 0 178
85 1 188
85 2 189
85 3 36
85 4 227
85 5 225
85 6 184
85 7 231
85 8 165
85 9 168
85 10 93
85 11 134
85 12 139
85 13 58
85 14 229
85 15 98
85 16 136
85 17 143
85 18 126
85 19 94
85 20 113
85 21 135
85 22 154
85 23 127
85 24 121
85 25 43
85 26 170
85 27 158
85 28 151
85 29 183
85 30 134
85 31 129
85 32 108
85 33 71
85 34 76
85 35 119
85 36 42
85 37 97
85 38 64
85 39 101
85 40 215
85 41 151
85 42 58
85 43 290
85 44 137
85 45 265
85 46 247
85 47 193
85 48 112
85 49 77
85 50 111
85 51 100
85 52 100
85 53 154
85 54 78
85 55 60
85 56 62
85 57 164
85 58 220
85 59 229
85 60 202
85 61 122
85 62 120
85 63 66
85 64 171
85 65 185
85 66 78
85 67 159
85 68 163
85 69 140
85 70 138
85 71 128
85 72 90
85 73 105
85 74 73
85 75 198
85 76 176
85 77 88
85 78 142
85 79 114
85 80 246
85 81 63
85 82 160
85 83 127
85 84 97
85 86 118
85 87 157
85 88 122
85 89 3
85 90 117
85 91 122
85 92 138
85 93 173
86 0 149
86 1 159
86 2 241
86 3 61
86 4 203
86 5 196
86 6 132
86 7 207
86 8 136
86 9 139
86 10 80
86 11 108
86 12 165
86 13 67
86 14 200
86 15 102
86 16 107
86 17 114
86 18 168
86 19 136
86 20 99
86 21 134
86 22 200
86 23 98
86 24 95
86 25 115
86 26 223
86 27 145
86 28 198
86 29 154
86 30 159
86 31 124
86 32 154
86 33 124
86 34 129
86 35 142
86 36 97
86 37 71
86 38 117
86 39 108
86 40 186
86 41 122
86 42 57
86 43 229
86 44 113
86 45 236
86 46 218
86 47 232
86 48 165
86 49 98
86 50 157
86 51 83
86 52 65
86 53 139
86 54 48
86 55 111
86 56 63
86 57 149
86 58 191
86 59 200
86 60 241
86 61 4
86 62 57
86 63 133
86 64 142
86 65 156
86 66 72
86 67 130
86 68 210
86 69 111
86 70 121
86 71 181
86 72 78
86 73 151
86 74 77
86 75 169
86 76 147
86 77 59
86 78 113
86 79 154
86 80 217
86 81 40
86 82 202
86 83 159
86 84 62
86 85 97
86 87 69
86 88 47
86 89 100
86 90 25
86 91 4
86 92 121
86 93 144
87 0 159
87 1 170
87 2 269
87 3 109
87 4 67
87 5 206
87 6 8
87 7 71
87 8 184
87 9 187
87 10 117
87 11 115
87 12 213
87 13 115
87 14 195
87 15 94
87 16 156
87 17 156
87 18 217
87 19 185
87 20 148
87 21 183
87 22 237
87 23 146
87 24 56
87 25 152
87 26 249
87 27 193
87 28 235
87 29 183
87 30 207
87 31 160
87 32 191
87 33 161
87 34 166
87 35 179
87 36 145
87 37 80
87 38 154
87 39 157
87 40 196
87 41 170
87 42 105
87 43 128
87 44 50
87 45 226
87 46 213
87 47 261
87 48 202
87 49 146
87 50 194
87 51 124
87 52 106
87 53 187
87 54 84
87 55 159
87 56 111
87 57 197
87 58 201
87 59 195
87 60 270
87 61 61
87 62 70
87 63 156
87 64 191
87 65 183
87 66 120
87 67 178
87 68 247
87 69 94
87 70 163
87 71 218
87 72 114
87 73 188
87 74 93
87 75 204
87 76 195
87 77 107
87 78 135
87 79 190
87 80 212
87 81 80
87 82 228
87 83 195
87 84 103
87 85 145
87 86 57
87 88 39
87 89 148
87 90 67
87 91 62
87 92 162
87 93 192
88 0 159
88 1 169
88 2 230
88 3 70
88 4 141
88 5 206
88 6 86
88 7 145
88 8 145
88 9 148
88 10 78
88 11 111
88 12 174
88 13 76
88 14 210
88 15 75
88 16 117
88 17 124
88 18 178
88 19 146
88 20 109
88 21 144
88 22 198
88 23 107
88 24 57
88 25 112
88 26 210
88 27 154
88 28 196
88 29 163
88 30 168
88 31 121
88 32 152
88 33 121
88 34 126
88 35 140
88 36 106
88 37 59
88 38 114
88 39 118
88 40 196
88 41 131
88 42 66
88 43 204
88 44 56
88 45 246
88 46 228
88 47 222
88 48 162
88 49 107
88 50 155
88 51 82
88 52 83
88 53 148
88 54 45
88 55 120
88 56 72
88 57 158
88 58 201
88 59 210
88 60 231
88 61 22
88 62 31
88 63 116
88 64 152
88 65 166
88 66 81
88 67 139
88 68 208
88 69 94
88 70 120
88 71 178
88 72 75
88 73 149
88 74 86
88 75 178
88 76 156
88 77 68
88 78 131
88 79 151
88 80 227
88 81 50
88 82 189
88 83 156
88 84 80
88 85 106
88 86 18
88 87 35
88 89 109
88 90 43
88 91 23
88 92 120
88 93 153
89 0 181
89 1 191
89 2 186
89 3 39
89 4 230
89 5 228
89 6 187
89 7 234
89 8 168
89 9 171
89 10 90
89 11 137
89 12 136
89 13 61
89 14 232
89 15 101
89 16 139
89 17 146
89 18 123
89 19 91
89 20 110
89 21 138
89 22 151
89 23 130
89 24 124
89 25 40
89 26 167
89 27 155
89 28 148
89 29 186
89 30 131
89 31 126
89 32 105
89 33 68
89 34 73
89 35 116
89 36 45
89 37 100
89 38 61
89 39 104
89 40 218
89 41 154
89 42 61
89 43 293
89 44 140
89 45 268
89 46 250
89 47 190
89 48 109
89 49 80
89 50 108
89 51 97
89 52 103
89 53 151
89 54 75
89 55 63
89 56 65
89 57 161
89 58 223
89 59 232
89 60 199
89 61 125
89 62 123
89 63 63
89 64 174
89 65 188
89 66 81
89 67 162
89 68 160
89 69 143
89 70 135
89 71 125
89 72 87
89 73 102
89 74 76
89 75 201
89 76 179
89 77 91
89 78 145
89 79 111
89 80 249
89 81 66
89 82 157
89 83 124
89 84 100
89 85 3
89 86 121
89 87 160
89 88 125
89 90 120
89 91 125
89 92 135
89 93 176
90 0 174
90 1 184
90 2 234
90 3 86
90 4 212
90 5 221
90 6 160
90 7 216
90 8 160
90 9 164
90 10 105
90 11 133
90 12 190
90 13 92
90 14 225
90 15 122
90 16 132
90 17 139
90 18 193
90 19 161
90 20 124
90 21 159
90 22 213
90 23 123
90 24 104
90 25 124
90 26 214
90 27 170
90 28 212
90 29 178
90 30 183
90 31 110
90 32 168
90 33 133
90 34 138
90 35 155
90 36 102
90 37 95
90 38 126
90 39 133
90 40 211
90 41 147
90 42 81
90 43 230
90 44 122
90 45 261
90 46 243
90 47 226
90 48 174
90 49 123
90 50 171
90 51 57
90 52 39
90 53 163
90 54 73
90 55 136
90 56 88
90 57 174
90 58 216
90 59 225
90 60 235
90 61 21
90 62 78
90 63 128
90 64 167
90 65 181
90 66 97
90 67 155
90 68 224
90 69 136
90 70 96
90 71 190
90 72 103
90 73 165
90 74 102
90 75 194
90 76 172
90 77 84
90 78 138
90 79 155
90 80 242
90 81 65
90 82 193
90 83 160
90 84 36
90 85 122
90 86 25
90 87 66
90 88 72
90 89 125
90 91 20
90 92 96
90 93 169
91 0 154
91 1 164
91 2 246
91 3 65
91 4 207
91 5 201
91 6 137
91 7 211
91 8 140
91 9 143
91 10 85
91 11 112
91 12 169
91 13 71
91 14 205
91 15 106
91 16 112
91 17 119
91 18 173
91 19 141
91 20 104
91 21 139
91 22 205
91 23 102
91 24 99
91 25 120
91 26 228
91 27 149
91 28 203
91 29 158
91 30 163
91 31 129
91 32 159
91 33 129
91 34 134
91 35 147
91 36 101
91 37 75
91 38 122
91 39 113
91 40 191
91 41 126
91 42 61
91 43 225
91 44 117
91 45 241
91 46 223
91 47 237
91 48 170
91 49 102
91 50 162
91 51 78
91 52 60
91 53 143
91 54 53
91 55 115
91 56 67
91 57 153
91 58 196
91 59 205
91 60 246
91 61 0
91 62 62
91 63 138
91 64 147
91 65 161
91 66 76
91 67 134
91 68 215
91 69 115
91 70 116
91 71 186
91 72 83
91 73 156
91 74 81
91 75 173
91 76 151
91 77 63
91 78 117
91 79 159
91 80 222
91 81 45
91 82 207
91 83 164
91 84 57
91 85 101
91 86 4
91 87 64
91 88 52
91 89 104
91 90 20
91 92 116
91 93 148
92 0 252
92 1 262
92 2 138
92 3 182
92 4 291
92 5 298
92 6 236
92 7 295
92 8 256
92 9 260
92 10 82
92 11 229
92 12 200
92 13 188
92 14 302
92 15 218
92 16 210
92 17 217
92 18 119
92 19 140
92 20 174
92 21 209
92 22 148
92 23 219
92 24 200
92 25 110
92 26 118
92 27 219
92 28 143
92 29 274
92 30 195
92 31 14
92 32 103
92 33 121
92 34 127
92 35 84
92 36 133
92 37 191
92 38 118
92 39 207
92 40 288
92 41 243
92 42 157
92 43 288
92 44 218
92 45 338
92 46 320
92 47 130
92 48 164
92 49 172
92 50 106
92 51 39
92 52 57
92 53 215
92 54 105
92 55 150
92 56 184
92 57 225
92 58 293
92 59 302
92 60 139
92 61 117
92 62 174
92 63 127
92 64 245
92 65 259
92 66 193
92 67 251
92 68 151
92 69 232
92 70 0
92 71 178
92 72 84
92 73 95
92 74 198
92 75 290
92 76 268
92 77 180
92 78 234
92 79 59
92 80 319
92 81 161
92 82 97
92 83 64
92 84 59
92 85 143
92 86 121
92 87 162
92 88 150
92 89 140
92 90 96
92 91 116
92 93 265
93 0 109
93 1 120
93 2 216
93 3 136
93 4 250
93 5 156
93 6 215
93 7 254
93 8 59
93 9 52
93 10 197
93 11 125
93 12 101
93 13 132
93 14 160
93 15 132
93 16 82
93 17 90
93 18 170
93 19 138
93 20 101
93 21 106
93 22 193
93 23 50
93 24 142
93 25 190
93 26 235
93 27 82
93 28 200
93 29 64
93 30 120
93 31 231
93 32 209
93 33 179
93 34 174
93 35 227
93 36 172
93 37 118
93 38 182
93 39 111
93 40 146
93 41 72
93 42 142
93 43 313
93 44 160
93 45 191
93 46 178
93 47 232
93 48 161
93 49 143
93 50 202
93 51 202
93 52 204
93 53 100
93 54 165
93 55 165
93 56 128
93 57 58
93 58 151
93 59 160
93 60 189
93 61 143
93 62 146
93 63 136
93 64 66
93 65 46
93 66 127
93 67 39
93 68 178
93 69 129
93 70 240
93 71 115
93 72 195
93 73 216
93 74 114
93 75 25
93 76 3
93 77 89
93 78 121
93 79 217
93 80 177
93 81 107
93 82 204
93 83 212
93 84 201
93 85 172
93 86 139
93 87 179
93 88 144
93 89 175
93 90 164
93 91 144
93 92 240

45

3200
2400
2400
2400
2400
2400
2400
2400
2400
2400
2400
2400
2400
2400
2400
2400
2400
2400
2400
3200
2400
3200
2400
3200
2400
3200
2400
2400
2400
2400
2400
2400
2400
3200
2400
2400
3200
2400
2400
2400
3200
2400
2400
2400
2400
2400
2400
2400
3200
2400
3200
2400
2400
2400
2400
2400
2400
2400
2400
2400
2400
2400
2400
2400
3200
2400
2400
2400
2400
2400
2400
2400
2400
2400
2400
2400
2400
2400
3200
2400
2400
2400
2400
2400
2400
2400
2400
2400
2400
3200
2400
2400
2400
3200

108000
