-34.8997371,-56.1289509
-34.8498536,-56.097085

40
-34.87745990837689,-56.24846729530532
-34.883240058901805,-56.26402325306311
-34.88259442892264,-56.25279077799126
-34.8821691263568,-56.249621238587586
-34.88318698557561,-56.250721329360125
-34.88362059223277,-56.25396332391446
-34.88382721348791,-56.25530743589219
-34.884071094480646,-56.25684819691563
-34.88415083673451,-56.257950660245655
-34.880231364966825,-56.25564626088799
-34.88053751680899,-56.258002758752724
-34.88192557052666,-56.26138684156154
-34.88067421078229,-56.25876088921289
-34.87943763029376,-56.249744545439285
-34.87762573106867,-56.249675942403236
-34.87937940296217,-56.25536711441679
-34.88126940029453,-56.2499467510619
-34.880424780461794,-56.25004277145036
-34.88058441062343,-56.251463041381676
-34.88141680321935,-56.25780221305049
-34.882007997903166,-56.26308222386008
-34.87881071851256,-56.25190587146473
-34.87964261459529,-56.25081503733039
-34.87841834871239,-56.248232841571266
-34.87786831151992,-56.25160131805699
-34.88288086985738,-56.25518025461906
-34.882375528456144,-56.25092154948274
-34.88281503527544,-56.24815488002182
-34.878980017119524,-56.25304233604985
-34.88088244604471,-56.26037851732309
-34.87831369109974,-56.25466781081492
-34.88232469845532,-56.257334454172
-34.88080463235643,-56.247696813264476
-34.88397025507573,-56.263877907969096
-34.88400477520489,-56.263879206901024
-34.88077491986292,-56.25294032544375
-34.87953721982649,-56.25715162607072
-34.87868389180484,-56.257695473657286
-34.87901370918471,-56.25981614515283
-34.878050626815565,-56.25293821720811

9.4270729434
6.6913756458
3.6241080959
9.8541568731
5.1283936441
5.3313275892
7.2990143938
3.0093767285
3.4356035019
5.4650907317
5.5144466929
8.2762905384
5.1237650171
5.1490300596
6.6962068382
5.4876195641
6.7759627263
7.0671786736
6.5741859974
7.751703591
3.6004864249
6.5508616498
9.2940715204
23.7150653548
6.2709282442
9.4622980721
4.675202522
5.7288216712
6.2010866459
4.7683732567
6.1795892299
5.4621246319
10.5306990614
14.5959052359
14.9606567051
5.952727802
3.589104477
5.2633858716
3.9522572884
8.398932494

1538
1728
1608
1571
1576
1607
1639
1646
1652
1620
1659
1683
1664
1552
1527
1596
1554
1561
1574
1664
1719
1564
1558
1580
1537
1633
1582
1590
1584
1658
1558
1654
1602
1727
1726
1596
1633
1588
1625
1550

1535
1807
1712
1619
1651
1663
1709
1716
1721
1703
1720
1767
1714
1601
1560
1681
1604
1609
1678
1725
1816
1668
1638
1546
1595
1718
1687
1608
1689
1741
1636
1739
1568
1816
1816
1701
1718
1658
1684
1628

0 1 298
0 2 180
0 3 95
0 4 148
0 5 188
0 6 217
0 7 225
0 8 230
0 9 207
0 10 240
0 11 273
0 12 245
0 13 71
0 14 42
0 15 178
0 16 105
0 17 76
0 18 147
0 19 245
0 20 289
0 21 135
0 22 109
0 23 8
0 24 77
0 25 215
0 26 154
0 27 70
0 28 155
0 29 248
0 30 118
0 31 235
0 32 30
0 33 306
0 34 306
0 35 170
0 36 215
0 37 158
0 38 195
0 39 109
1 0 293
1 2 205
1 3 258
1 4 171
1 5 129
1 6 123
1 7 115
1 8 110
1 9 188
1 10 156
1 11 60
1 12 151
1 13 275
1 14 260
1 15 186
1 16 251
1 17 267
1 18 239
1 19 140
1 20 43
1 21 230
1 22 244
1 23 315
1 24 225
1 25 174
1 26 230
1 27 261
1 28 228
1 29 96
1 30 184
1 31 139
1 32 301
1 33 6
1 34 6
1 35 216
1 36 179
1 37 143
1 38 107
1 39 192
2 0 186
2 1 192
2 3 96
2 4 65
2 5 66
2 6 98
2 7 105
2 8 111
2 9 122
2 10 161
2 11 236
2 12 166
2 13 133
2 14 153
2 15 109
2 16 109
2 17 125
2 18 66
2 19 156
2 20 231
2 21 106
2 22 95
2 23 188
2 24 118
2 25 72
2 26 25
2 27 162
2 28 100
2 29 220
2 30 107
2 31 121
2 32 166
2 33 186
2 34 185
2 35 60
2 36 146
2 37 133
2 38 169
2 39 116
3 0 91
3 1 245
3 2 96
3 4 84
3 5 144
3 6 151
3 7 158
3 8 163
3 9 218
3 10 257
3 11 276
3 12 223
3 13 64
3 14 91
3 15 205
3 16 40
3 17 56
3 18 114
3 19 252
3 20 284
3 21 125
3 22 83
3 23 93
3 24 104
3 25 168
3 26 70
3 27 78
3 28 145
3 29 263
3 30 145
3 31 217
3 32 71
3 33 239
3 34 238
3 35 137
3 36 242
3 37 186
3 38 222
3 39 137
4 0 125
4 1 142
4 2 43
4 3 55
4 5 42
4 6 48
4 7 55
4 8 60
4 9 113
4 10 125
4 11 173
4 12 120
4 13 72
4 14 92
4 15 100
4 16 67
4 17 64
4 18 46
4 19 119
4 20 181
4 21 57
4 22 34
4 23 137
4 24 57
4 25 77
4 26 35
4 27 91
4 28 77
4 29 160
4 30 84
4 31 110
4 32 119
4 33 136
4 34 135
4 35 69
4 36 137
4 37 123
4 38 159
4 39 76
5 0 167
5 1 100
5 2 37
5 3 132
5 4 42
5 6 6
5 7 14
5 8 19
5 9 72
5 10 83
5 11 132
5 12 78
5 13 150
5 14 134
5 15 60
5 16 122
5 17 142
5 18 71
5 19 77
5 20 139
5 21 81
5 22 112
5 23 189
5 24 98
5 25 36
5 26 62
5 27 132
5 28 61
5 29 118
5 30 57
5 31 69
5 32 172
5 33 94
5 34 93
5 35 48
5 36 97
5 37 83
5 38 119
5 39 66
6 0 199
6 1 94
6 2 83
6 3 136
6 4 48
6 5 6
6 7 7
6 8 13
6 9 112
6 10 77
6 11 125
6 12 72
6 13 153
6 14 180
6 15 105
6 16 129
6 17 145
6 18 117
6 19 71
6 20 133
6 21 126
6 22 121
6 23 201
6 24 144
6 25 52
6 26 108
6 27 138
6 28 106
6 29 112
6 30 103
6 31 62
6 32 179
6 33 88
6 34 87
6 35 94
6 36 102
6 37 103
6 38 111
6 39 112
7 0 206
7 1 87
7 2 90
7 3 143
7 4 55
7 5 14
7 6 7
7 8 5
7 9 119
7 10 70
7 11 118
7 12 65
7 13 160
7 14 187
7 15 112
7 16 136
7 17 152
7 18 124
7 19 64
7 20 125
7 21 133
7 22 129
7 23 208
7 24 151
7 25 59
7 26 115
7 27 146
7 28 113
7 29 105
7 30 110
7 31 54
7 32 186
7 33 81
7 34 80
7 35 101
7 36 95
7 37 96
7 38 104
7 39 119
8 0 212
8 1 81
8 2 95
8 3 148
8 4 60
8 5 19
8 6 13
8 7 5
8 9 124
8 10 64
8 11 113
8 12 59
8 13 165
8 14 192
8 15 117
8 16 141
8 17 157
8 18 129
8 19 58
8 20 120
8 21 138
8 22 134
8 23 213
8 24 156
8 25 64
8 26 120
8 27 151
8 28 118
8 29 99
8 30 115
8 31 68
8 32 191
8 33 75
8 34 74
8 35 106
8 36 89
8 37 90
8 38 98
8 39 124
9 0 203
9 1 220
9 2 121
9 3 216
9 4 129
9 5 75
9 6 116
9 7 123
9 8 128
9 10 55
9 11 156
9 12 60
9 13 172
9 14 170
9 15 24
9 16 181
9 17 189
9 18 117
9 19 75
9 20 180
9 21 104
9 22 134
9 23 225
9 24 134
9 25 60
9 26 146
9 27 219
9 28 83
9 29 115
9 30 93
9 31 81
9 32 254
9 33 203
9 34 202
9 35 95
9 36 43
9 37 75
9 38 111
9 39 102
10 0 229
10 1 157
10 2 161
10 3 256
10 4 169
10 5 115
10 6 120
10 7 112
10 8 107
10 9 56
10 11 104
10 12 5
10 13 212
10 14 196
10 15 79
10 16 221
10 17 231
10 18 159
10 19 37
10 20 125
10 21 161
10 22 174
10 23 251
10 24 161
10 25 102
10 26 186
10 27 259
10 28 141
10 29 60
10 30 120
10 31 57
10 32 273
10 33 140
10 34 139
10 35 137
10 36 42
10 37 79
10 38 92
10 39 128
11 0 281
11 1 66
11 2 236
11 3 280
11 4 193
11 5 151
11 6 145
11 7 137
11 8 132
11 9 155
11 10 104
11 12 99
11 13 316
11 14 248
11 15 167
11 16 263
11 17 289
11 18 217
11 19 80
11 20 40
11 21 246
11 22 278
11 23 303
11 24 212
11 25 162
11 26 261
11 27 283
11 28 226
11 29 44
11 30 172
11 31 117
11 32 354
11 33 74
11 34 74
11 35 195
11 36 130
11 37 131
11 38 107
11 39 180
12 0 228
12 1 151
12 2 166
12 3 261
12 4 162
12 5 120
12 6 114
12 7 106
12 8 101
12 9 61
12 10 5
12 11 98
12 13 217
12 14 195
12 15 84
12 16 226
12 17 236
12 18 164
12 19 42
12 20 119
12 21 166
12 22 179
12 23 250
12 24 159
12 25 107
12 26 191
12 27 252
12 28 146
12 29 54
12 30 119
12 31 62
12 32 272
12 33 134
12 34 133
12 35 142
12 36 47
12 37 78
12 38 86
12 39 127
13 0 72
13 1 263
13 2 134
13 3 70
13 4 102
13 5 162
13 6 169
13 7 176
13 8 181
13 9 173
13 10 212
13 11 317
13 12 217
13 14 78
13 15 177
13 16 54
13 17 61
13 18 100
13 19 237
13 20 302
13 21 113
13 22 38
13 23 94
13 24 91
13 25 206
13 26 108
13 27 90
13 28 118
13 29 271
13 30 132
13 31 227
13 32 100
13 33 257
13 34 256
13 35 120
13 36 215
13 37 173
13 38 209
13 39 124
14 0 33
14 1 256
14 2 138
14 3 69
14 4 106
14 5 146
14 6 179
14 7 186
14 8 192
14 9 166
14 10 198
14 11 231
14 12 203
14 13 51
14 15 136
14 16 64
14 17 60
14 18 103
14 19 203
14 20 247
14 21 93
14 22 68
14 23 55
14 24 35
14 25 173
14 26 112
14 27 89
14 28 113
14 29 206
14 30 76
14 31 193
14 32 77
14 33 264
14 34 264
14 35 125
14 36 173
14 37 117
14 38 153
14 39 68
15 0 185
15 1 190
15 2 109
15 3 204
15 4 118
15 5 63
15 6 96
15 7 103
15 8 109
15 9 24
15 10 79
15 11 167
15 12 84
15 13 177
15 14 152
15 16 169
15 17 194
15 18 123
15 19 99
15 20 202
15 21 80
15 22 139
15 23 207
15 24 116
15 25 84
15 26 134
15 27 208
15 28 59
15 29 139
15 30 75
15 31 110
15 32 229
15 33 184
15 34 183
15 35 100
15 36 37
15 37 73
15 38 109
15 39 84
16 0 83
16 1 209
16 2 80
16 3 35
16 4 67
16 5 108
16 6 115
16 7 122
16 8 127
16 9 178
16 10 192
16 11 240
16 12 187
16 13 24
16 14 50
16 15 165
16 17 16
16 18 74
16 19 186
16 20 248
16 21 85
16 22 43
16 23 89
16 24 63
16 25 152
16 26 54
16 27 81
16 28 105
16 29 227
16 30 104
16 31 173
16 32 81
16 33 203
16 34 202
16 35 97
16 36 202
16 37 145
16 38 181
16 39 96
17 0 81
17 1 254
17 2 125
17 3 68
17 4 93
17 5 153
17 6 160
17 7 167
17 8 172
17 9 188
17 10 230
17 11 289
17 12 235
17 13 53
17 14 79
17 15 194
17 16 45
17 18 71
17 19 208
17 20 293
17 21 114
17 22 72
17 23 73
17 24 92
17 25 195
17 26 99
17 27 88
17 28 134
17 29 263
17 30 133
17 31 218
17 32 65
17 33 248
17 34 247
17 35 94
17 36 231
17 37 174
17 38 210
17 39 125
18 0 152
18 1 226
18 2 66
18 3 114
18 4 51
18 5 100
18 6 132
18 7 139
18 8 145
18 9 117
18 10 159
18 11 217
18 12 164
18 13 99
18 14 118
18 15 123
18 16 79
18 17 71
18 19 137
18 20 258
18 21 65
18 22 61
18 23 144
18 24 83
18 25 124
18 26 57
18 27 159
18 28 63
18 29 219
18 30 110
18 31 147
18 32 136
18 33 220
18 34 219
18 35 23
18 36 160
18 37 146
18 38 182
18 39 102
19 0 239
19 1 147
19 2 156
19 3 251
19 4 164
19 5 110
19 6 111
19 7 103
19 8 100
19 9 75
19 10 37
19 11 80
19 12 42
19 13 236
19 14 206
19 15 100
19 16 216
19 17 208
19 18 137
19 20 121
19 21 166
19 22 198
19 23 282
19 24 170
19 25 82
19 26 181
19 27 254
19 28 146
19 29 83
19 30 130
19 31 37
19 32 274
19 33 155
19 34 134
19 35 114
19 36 62
19 37 89
19 38 97
19 39 138
20 0 284
20 1 42
20 2 244
20 3 297
20 4 210
20 5 168
20 6 162
20 7 154
20 8 149
20 9 181
20 10 125
20 11 40
20 12 120
20 13 289
20 14 251
20 15 177
20 16 266
20 17 291
20 18 257
20 19 120
20 21 221
20 22 258
20 23 306
20 24 216
20 25 201
20 26 251
20 27 300
20 28 215
20 29 65
20 30 175
20 31 155
20 32 328
20 33 52
20 34 52
20 35 234
20 36 164
20 37 134
20 38 98
20 39 183
21 0 142
21 1 237
21 2 93
21 3 124
21 4 61
21 5 110
21 6 143
21 7 150
21 8 156
21 9 104
21 10 162
21 11 247
21 12 167
21 13 112
21 14 108
21 15 80
21 16 90
21 17 114
21 18 59
21 19 167
21 20 247
21 22 74
21 23 164
21 24 73
21 25 136
21 26 67
21 27 171
21 28 20
21 29 221
21 30 76
21 31 157
21 32 179
21 33 231
21 34 230
21 35 65
21 36 117
21 37 116
21 38 153
21 39 68
22 0 110
22 1 232
22 2 96
22 3 83
22 4 64
22 5 142
22 6 138
22 7 145
22 8 150
22 9 135
22 10 174
22 11 279
22 12 179
22 13 38
22 14 84
22 15 139
22 16 48
22 17 73
22 18 62
22 19 199
22 20 270
22 21 75
22 23 132
22 24 74
22 25 168
22 26 70
22 27 128
22 28 80
22 29 233
22 30 101
22 31 189
22 32 138
22 33 226
22 34 225
22 35 82
22 36 177
22 37 141
22 38 178
22 39 93
23 0 8
23 1 303
23 2 182
23 3 87
23 4 161
23 5 203
23 6 209
23 7 217
23 8 222
23 9 229
23 10 262
23 11 295
23 12 267
23 13 93
23 14 64
23 15 200
23 16 111
23 17 68
23 18 139
23 19 276
23 20 311
23 21 157
23 22 131
23 24 99
23 25 237
23 26 157
23 27 62
23 28 177
23 29 270
23 30 140
23 31 257
23 32 22
23 33 297
23 34 296
23 35 162
23 36 237
23 37 180
23 38 217
23 39 132
24 0 68
24 1 221
24 2 103
24 3 86
24 4 71
24 5 111
24 6 144
24 7 151
24 8 157
24 9 130
24 10 163
24 11 196
24 12 168
24 13 74
24 14 35
24 15 101
24 16 51
24 17 76
24 18 68
24 19 168
24 20 212
24 21 58
24 22 55
24 23 90
24 25 138
24 26 77
24 27 124
24 28 78
24 29 171
24 30 41
24 31 158
24 32 112
24 33 229
24 34 229
24 35 90
24 36 138
24 37 81
24 38 118
24 39 33
25 0 222
25 1 149
25 2 72
25 3 168
25 4 106
25 5 59
25 6 56
25 7 63
25 8 68
25 9 60
25 10 102
25 11 163
25 12 107
25 13 205
25 14 189
25 15 84
25 16 181
25 17 196
25 18 124
25 19 82
25 20 188
25 21 135
25 22 167
25 23 261
25 24 153
25 26 98
25 27 197
25 28 115
25 29 148
25 30 112
25 31 48
25 32 239
25 33 143
25 34 142
25 35 102
25 36 103
25 37 135
25 38 148
25 39 121
26 0 161
26 1 198
26 2 25
26 3 70
26 4 40
26 5 91
26 6 104
26 7 111
26 8 117
26 9 147
26 10 186
26 11 230
26 12 191
26 13 108
26 14 128
26 15 134
26 16 84
26 17 100
26 18 66
26 19 181
26 20 237
26 21 93
26 22 70
26 23 163
26 24 93
26 25 98
26 27 148
26 28 104
26 29 245
26 30 120
26 31 146
26 32 141
26 33 192
26 34 191
26 35 66
26 36 171
26 37 158
26 38 194
26 39 112
27 0 70
27 1 241
27 2 142
27 3 77
27 4 99
27 5 141
27 6 147
27 7 154
27 8 159
27 9 212
27 10 224
27 11 272
27 12 219
27 13 89
27 14 106
27 15 199
27 16 77
27 17 87
27 18 144
27 19 218
27 20 280
27 21 155
27 22 120
27 23 62
27 24 140
27 25 176
27 26 132
27 28 175
27 29 259
27 30 181
27 31 209
27 32 40
27 33 235
27 34 234
27 35 167
27 36 236
27 37 222
27 38 258
27 39 173
28 0 162
28 1 216
28 2 100
28 3 145
28 4 82
28 5 89
28 6 122
28 7 129
28 8 135
28 9 83
28 10 141
28 11 226
28 12 146
28 13 118
28 14 126
28 15 59
28 16 110
28 17 135
28 18 63
28 19 146
28 20 245
28 21 20
28 22 80
28 23 184
28 24 91
28 25 115
28 26 88
28 27 191
28 29 200
28 30 70
28 31 136
28 32 200
28 33 210
28 34 209
28 35 62
28 36 97
28 37 115
28 38 151
28 39 64
29 0 255
29 1 97
29 2 221
29 3 264
29 4 177
29 5 135
29 6 129
29 7 121
29 8 116
29 9 116
29 10 60
29 11 44
29 12 54
29 13 271
29 14 222
29 15 139
29 16 237
29 17 262
29 18 219
29 19 83
29 20 65
29 21 221
29 22 233
29 23 277
29 24 186
29 25 148
29 26 246
29 27 267
29 28 201
29 30 146
29 31 117
29 32 299
29 33 105
29 34 105
29 35 197
29 36 101
29 37 105
29 38 81
29 39 154
30 0 109
30 1 180
30 2 102
30 3 126
30 4 70
30 5 70
30 6 103
30 7 110
30 8 116
30 9 90
30 10 122
30 11 155
30 12 127
30 13 114
30 14 76
30 15 60
30 16 91
30 17 116
30 18 68
30 19 127
30 20 171
30 21 46
30 22 83
30 23 131
30 24 41
30 25 97
30 26 76
30 27 165
30 28 40
30 29 130
30 31 117
30 32 153
30 33 188
30 34 188
30 35 79
30 36 97
30 37 41
30 38 77
30 39 8
31 0 242
31 1 139
31 2 120
31 3 216
31 4 144
31 5 90
31 6 90
31 7 83
31 8 80
31 9 81
31 10 57
31 11 117
31 12 62
31 13 226
31 14 209
31 15 104
31 16 202
31 17 218
31 18 147
31 19 37
31 20 156
31 21 156
31 22 188
31 23 276
31 24 173
31 25 47
31 26 146
31 27 234
31 28 136
31 29 117
31 30 132
31 32 254
31 33 159
31 34 159
31 35 124
31 36 82
31 37 109
31 38 117
31 39 141
32 0 30
32 1 281
32 2 160
32 3 65
32 4 139
32 5 181
32 6 187
32 7 195
32 8 200
32 9 251
32 10 264
32 11 313
32 12 259
32 13 94
32 14 86
32 15 222
32 16 89
32 17 65
32 18 137
32 19 274
32 20 320
32 21 174
32 22 132
32 23 22
32 24 121
32 25 217
32 26 135
32 27 40
32 28 194
32 29 292
32 30 162
32 31 248
32 33 275
32 34 274
32 35 159
32 36 259
32 37 202
32 38 239
32 39 154
33 0 302
33 1 6
33 2 199
33 3 252
33 4 165
33 5 123
33 6 117
33 7 109
33 8 104
33 9 197
33 10 165
33 11 69
33 12 160
33 13 269
33 14 269
33 15 195
33 16 245
33 17 261
33 18 233
33 19 149
33 20 48
33 21 242
33 22 238
33 23 317
33 24 234
33 25 168
33 26 224
33 27 255
33 28 222
33 29 105
33 30 193
33 31 154
33 32 295
33 34 0
33 35 210
33 36 178
33 37 152
33 38 116
33 39 201
34 0 302
34 1 6
34 2 199
34 3 252
34 4 165
34 5 123
34 6 117
34 7 109
34 8 104
34 9 197
34 10 165
34 11 69
34 12 160
34 13 269
34 14 269
34 15 195
34 16 245
34 17 261
34 18 233
34 19 149
34 20 48
34 21 242
34 22 238
34 23 317
34 24 234
34 25 168
34 26 224
34 27 255
34 28 222
34 29 105
34 30 193
34 31 154
34 32 295
34 33 0
34 35 210
34 36 178
34 37 152
34 38 116
34 39 201
35 0 175
35 1 204
35 2 60
35 3 137
35 4 74
35 5 78
35 6 110
35 7 117
35 8 123
35 9 95
35 10 137
35 11 195
35 12 142
35 13 120
35 14 141
35 15 101
35 16 102
35 17 94
35 18 23
35 19 114
35 20 235
35 21 65
35 22 82
35 23 167
35 24 106
35 25 102
35 26 67
35 27 182
35 28 62
35 29 197
35 30 98
35 31 125
35 32 159
35 33 198
35 34 197
35 36 138
35 37 124
35 38 160
35 39 107
36 0 205
36 1 179
36 2 146
36 3 241
36 4 155
36 5 100
36 6 133
36 7 140
36 8 131
36 9 43
36 10 42
36 11 129
36 12 47
36 13 215
36 14 172
36 15 37
36 16 187
36 17 231
36 18 160
36 19 62
36 20 164
36 21 117
36 22 177
36 23 227
36 24 136
36 25 103
36 26 171
36 27 245
36 28 97
36 29 101
36 30 96
36 31 82
36 32 249
36 33 164
36 34 163
36 35 137
36 37 64
36 38 102
36 39 104
37 0 150
37 1 140
37 2 115
37 3 167
37 4 111
37 5 69
37 6 101
37 7 108
37 8 114
37 9 45
37 10 75
37 11 115
37 12 80
37 13 155
37 14 117
37 15 43
37 16 132
37 17 157
37 18 109
37 19 95
37 20 131
37 21 87
37 22 124
37 23 172
37 24 81
37 25 95
37 26 117
37 27 205
37 28 80
37 29 90
37 30 41
37 31 102
37 32 194
37 33 148
37 34 148
37 35 106
37 36 37
37 38 36
37 39 49
38 0 186
38 1 103
38 2 151
38 3 203
38 4 147
38 5 105
38 6 111
38 7 103
38 8 98
38 9 81
38 10 74
38 11 96
38 12 69
38 13 191
38 14 153
38 15 79
38 16 168
38 17 193
38 18 145
38 19 79
38 20 94
38 21 123
38 22 160
38 23 208
38 24 118
38 25 131
38 26 153
38 27 242
38 28 117
38 29 71
38 30 77
38 31 99
38 32 230
38 33 111
38 34 111
38 35 142
38 36 72
38 37 36
38 39 85
39 0 101
39 1 188
39 2 94
39 3 118
39 4 62
39 5 79
39 6 112
39 7 119
39 8 125
39 9 98
39 10 131
39 11 164
39 12 136
39 13 106
39 14 68
39 15 69
39 16 83
39 17 108
39 18 60
39 19 136
39 20 179
39 21 38
39 22 75
39 23 123
39 24 33
39 25 106
39 26 68
39 27 157
39 28 36
39 29 139
39 30 8
39 31 126
39 32 145
39 33 196
39 34 196
39 35 78
39 36 106
39 37 49
39 38 85

45

2400
3200
2400
3200
2400
2400
2400
2400
3200
2400
2400
3200
2400
2400
2400
3200
2400
2400
2400
3200
2400
2400
2400
2400
2400
2400
2400
2400
2400
2400
2400
2400
2400
2400
2400
2400
2400
2400
2400
3200

54000
