-34.8997371,-56.1289509
-34.8498536,-56.097085

53
-34.87226695997281,-56.15723485044066
-34.873975142055585,-56.17755776403042
-34.87340907049436,-56.17652395983948
-34.87025130220239,-56.16437804509708
-34.87276327448531,-56.16512946731424
-34.87102092872965,-56.17142730638992
-34.87188226664658,-56.16420836351742
-34.87306600219119,-56.171155134060044
-34.871758792290045,-56.169877186299125
-34.87034004094333,-56.16548219444563
-34.87275631062655,-56.161496997294996
-34.870797080825625,-56.159831954973114
-34.87185747053854,-56.16060893838184
-34.87131732902071,-56.16006174019752
-34.86961783227393,-56.1614303908484
-34.87100334114055,-56.167532429702554
-34.872497750538145,-56.15931135265136
-34.87191811186566,-56.15894524863453
-34.875643706810806,-56.16701515322336
-34.876896647843544,-56.1630087069701
-34.876299757402364,-56.164065175711805
-34.87220978918722,-56.1712184361809
-34.873015680482375,-56.16118800400152
-34.87331800505369,-56.16976304039831
-34.874728847022524,-56.161170601880684
-34.87238252001722,-56.167463821314236
-34.87191357790658,-56.16745760817681
-34.87042245709455,-56.16075655518077
-34.87360522933981,-56.1647288249833
-34.8719483658555,-56.1699081053061
-34.87031990572055,-56.166271656675534
-34.872905003964846,-56.168705873454506
-34.87595394184933,-56.162296104765765
-34.876943550881684,-56.164583871201685
-34.872645997649556,-56.16119175899791
-34.871726131314304,-56.16510712770016
-34.87508298776886,-56.16152807955849
-34.87304207759774,-56.15978723386784
-34.87088758586489,-56.169065356657164
-34.87207790280911,-56.16204050119759
-34.87093972130098,-56.166143544291266
-34.87400358784814,-56.160609008561224
-34.87401975530244,-56.170850141192346
-34.87120053321749,-56.164729499080885
-34.86947035666309,-56.162274343442796
-34.871799971520645,-56.16273212834711
-34.87567963734043,-56.16567989534476
-34.87492126142714,-56.164232315744535
-34.86934431487199,-56.160995530605014
-34.86996958864921,-56.160135780981264
-34.87160571645729,-56.15810595611826
-34.87629194473367,-56.16555334733757
-34.8703425600214,-56.16191538244128

9.5471989804
12.8536909964
18.4871571302
8.5602069935
13.6333607897
10.5511394517
4.7387788032
4.3627018051
6.0137230083
36.8415794377
13.6977965103
9.5001207798
8.016205616
7.2520258197
5.8237936455
10.1919212628
7.9970088819
8.2385338346
11.2100877194
5.6651681956
6.0686147127
5.2809219993
11.5057057675
5.351839414
6.5238776725
6.8977757388
8.8404932622
7.261315268
6.3163861951
5.83480846
51.5485267652
6.1790090316
7.1068847499
9.2708839849
13.3988599989
7.3073969278
7.0913387898
6.8917211148
9.6722347678
9.9576219782
17.966291787
4.0903384859
6.1345067929
11.4130604884
4.426152716
10.7293829133
11.1332263207
7.07095695515
14.7136271757
13.1718380605
7.8116793781
11.6362427453
5.203575599

683
861
885
726
772
808
793
823
792
723
690
698
710
689
741
734
699
680
831
786
785
812
714
810
788
742
739
727
759
777
748
803
810
791
726
748
772
690
765
705
756
795
810
743
733
764
804
803
730
734
678
812
729

804
958
990
847
921
955
899
986
937
843
917
890
908
872
905
875
868
862
901
1010
1061
974
1002
975
949
991
880
862
978
938
923
956
986
1055
953
944
965
885
925
903
937
942
1001
949
874
898
945
1003
825
820
809
1023
885

0 1 358
0 2 405
0 3 132
0 4 178
0 5 305
0 6 199
0 7 320
0 8 289
0 9 129
0 10 97
0 11 151
0 12 76
0 13 55
0 14 200
0 15 231
0 16 64
0 17 46
0 18 253
0 19 198
0 20 192
0 21 309
0 22 121
0 23 307
0 24 173
0 25 239
0 26 236
0 27 93
0 28 165
0 29 274
0 30 164
0 31 300
0 32 222
0 33 198
0 34 91
0 35 154
0 36 157
0 37 97
0 38 262
0 39 110
0 40 172
0 41 180
0 42 307
0 43 149
0 44 140
0 45 129
0 46 210
0 47 211
0 48 188
0 49 135
0 50 88
0 51 226
0 52 95
1 0 232
1 2 22
1 3 167
1 4 173
1 5 90
1 6 194
1 7 122
1 8 116
1 9 127
1 10 159
1 11 232
1 12 255
1 13 240
1 14 222
1 15 117
1 16 244
1 17 249
1 18 214
1 19 267
1 20 240
1 21 125
1 22 170
1 23 146
1 24 223
1 25 125
1 26 122
1 27 221
1 28 184
1 29 117
1 30 127
1 31 163
1 32 260
1 33 247
1 34 227
1 35 149
1 36 264
1 37 270
1 38 134
1 39 181
1 40 135
1 41 230
1 42 140
1 43 144
1 44 222
1 45 224
1 46 217
1 47 248
1 48 211
1 49 215
1 50 227
1 51 224
1 52 229
2 0 264
2 1 93
2 3 199
2 4 205
2 5 121
2 6 226
2 7 99
2 8 146
2 9 159
2 10 191
2 11 264
2 12 287
2 13 272
2 14 254
2 15 149
2 16 276
2 17 281
2 18 246
2 19 299
2 20 272
2 21 110
2 22 202
2 23 124
2 24 255
2 25 157
2 26 154
2 27 253
2 28 216
2 29 131
2 30 159
2 31 141
2 32 292
2 33 279
2 34 259
2 35 181
2 36 296
2 37 302
2 38 165
2 39 213
2 40 167
2 41 262
2 42 118
2 43 176
2 44 254
2 45 256
2 46 249
2 47 280
2 48 243
2 49 247
2 50 259
2 51 256
2 52 261
3 0 122
3 1 273
3 2 320
3 4 68
3 5 220
3 6 89
3 7 235
3 8 204
3 9 45
3 10 68
3 11 122
3 12 145
3 13 141
3 14 112
3 15 146
3 16 153
3 17 150
3 18 176
3 19 197
3 20 148
3 21 224
3 22 78
3 23 222
3 24 131
3 25 154
3 26 151
3 27 120
3 28 92
3 29 189
3 30 80
3 31 215
3 32 168
3 33 155
3 34 136
3 35 44
3 36 172
3 37 178
3 38 177
3 39 90
3 40 88
3 41 138
3 42 222
3 43 39
3 44 51
3 45 148
3 46 132
3 47 183
3 48 101
3 49 105
3 50 117
3 51 149
3 52 119
4 0 195
4 1 306
4 2 353
4 3 80
4 5 253
4 6 22
4 7 268
4 8 237
4 9 77
4 10 75
4 11 195
4 12 163
4 13 156
4 14 185
4 15 130
4 16 153
4 17 158
4 18 115
4 19 158
4 20 109
4 21 257
4 22 86
4 23 253
4 24 88
4 25 187
4 26 125
4 27 137
4 28 27
4 29 222
4 30 113
4 31 246
4 32 129
4 33 115
4 34 143
4 35 102
4 36 150
4 37 135
4 38 210
4 39 97
4 40 121
4 41 95
4 42 253
4 43 97
4 44 135
4 45 140
4 46 72
4 47 123
4 48 174
4 49 178
4 50 190
4 51 89
4 52 141
5 0 229
5 1 163
5 2 167
5 3 164
5 4 170
5 6 191
5 7 45
5 8 43
5 9 124
5 10 156
5 11 229
5 12 252
5 13 237
5 14 219
5 15 99
5 16 241
5 17 246
5 18 196
5 19 249
5 20 237
5 21 34
5 22 167
5 23 81
5 24 220
5 25 107
5 26 104
5 27 218
5 28 181
5 29 44
5 30 124
5 31 100
5 32 272
5 33 244
5 34 224
5 35 146
5 36 261
5 37 267
5 38 44
5 39 178
5 40 132
5 41 227
5 42 79
5 43 141
5 44 219
5 45 221
5 46 214
5 47 230
5 48 208
5 49 212
5 50 224
5 51 206
5 52 226
6 0 173
6 1 284
6 2 331
6 3 58
6 4 104
6 5 231
6 7 246
6 8 215
6 9 55
6 10 53
6 11 173
6 12 141
6 13 134
6 14 163
6 15 157
6 16 138
6 17 143
6 18 165
6 19 183
6 20 134
6 21 235
6 22 64
6 23 233
6 24 117
6 25 165
6 26 162
6 27 115
6 28 77
6 29 200
6 30 91
6 31 226
6 32 154
6 33 141
6 34 121
6 35 80
6 36 158
6 37 164
6 38 188
6 39 75
6 40 99
6 41 124
6 42 233
6 43 75
6 44 109
6 45 118
6 46 122
6 47 153
6 48 152
6 49 156
6 50 168
6 51 139
6 52 119
7 0 260
7 1 178
7 2 135
7 3 195
7 4 227
7 5 46
7 6 243
7 8 50
7 9 155
7 10 187
7 11 260
7 12 283
7 13 268
7 14 250
7 15 129
7 16 272
7 17 277
7 18 182
7 19 235
7 20 248
7 21 11
7 22 198
7 23 37
7 24 251
7 25 112
7 26 110
7 27 249
7 28 212
7 29 34
7 30 155
7 31 54
7 32 258
7 33 255
7 34 255
7 35 177
7 36 279
7 37 298
7 38 74
7 39 209
7 40 163
7 41 258
7 42 33
7 43 172
7 44 250
7 45 252
7 46 212
7 47 215
7 48 239
7 49 243
7 50 255
7 51 191
7 52 257
8 0 211
8 1 206
8 2 183
8 3 146
8 4 152
8 5 43
8 6 173
8 7 49
8 9 106
8 10 138
8 11 211
8 12 234
8 13 219
8 14 201
8 15 82
8 16 223
8 17 228
8 18 171
8 19 223
8 20 219
8 21 38
8 22 149
8 23 38
8 24 202
8 25 81
8 26 79
8 27 200
8 28 163
8 29 1
8 30 106
8 31 57
8 32 246
8 33 226
8 34 206
8 35 128
8 36 243
8 37 249
8 38 27
8 39 160
8 40 114
8 41 209
8 42 65
8 43 123
8 44 201
8 45 203
8 46 196
8 47 204
8 48 190
8 49 194
8 50 206
8 51 180
8 52 208
9 0 117
9 1 229
9 2 276
9 3 40
9 4 46
9 5 176
9 6 67
9 7 191
9 8 160
9 10 33
9 11 117
9 12 121
9 13 114
9 14 107
9 15 102
9 16 118
9 17 123
9 18 145
9 19 162
9 20 113
9 21 180
9 22 43
9 23 178
9 24 96
9 25 110
9 26 107
9 27 95
9 28 57
9 29 145
9 30 35
9 31 171
9 32 133
9 33 120
9 34 101
9 35 22
9 36 137
9 37 143
9 38 133
9 39 55
9 40 43
9 41 103
9 42 178
9 43 17
9 44 91
9 45 98
9 46 102
9 47 132
9 48 96
9 49 100
9 50 112
9 51 119
9 52 99
10 0 114
10 1 261
10 2 308
10 3 36
10 4 82
10 5 208
10 6 103
10 7 223
10 8 192
10 9 33
10 11 114
10 12 81
10 13 74
10 14 104
10 15 134
10 16 78
10 17 83
10 18 157
10 19 130
10 20 81
10 21 212
10 22 11
10 23 210
10 24 64
10 25 142
10 26 139
10 27 56
10 28 69
10 29 177
10 30 68
10 31 203
10 32 101
10 33 88
10 34 61
10 35 58
10 36 105
10 37 111
10 38 165
10 39 15
10 40 76
10 41 71
10 42 210
10 43 53
10 44 44
10 45 59
10 46 114
10 47 100
10 48 92
10 49 98
10 50 109
10 51 131
10 52 59
11 0 87
11 1 337
11 2 384
11 3 111
11 4 157
11 5 284
11 6 178
11 7 299
11 8 268
11 9 108
11 10 76
11 12 22
11 13 18
11 14 169
11 15 210
11 16 62
11 17 27
11 18 232
11 19 208
11 20 159
11 21 288
11 22 89
11 23 286
11 24 142
11 25 218
11 26 215
11 27 42
11 28 144
11 29 253
11 30 143
11 31 279
11 32 179
11 33 166
11 34 42
11 35 133
11 36 183
11 37 142
11 38 241
11 39 64
11 40 151
11 41 149
11 42 286
11 43 128
11 44 108
11 45 83
11 46 189
11 47 178
11 48 157
11 49 84
11 50 82
11 51 206
11 52 44
12 0 105
12 1 314
12 2 361
12 3 88
12 4 134
12 5 261
12 6 155
12 7 276
12 8 245
12 9 85
12 10 53
12 11 118
12 13 70
12 14 147
12 15 187
12 16 40
12 17 46
12 18 209
12 19 185
12 20 136
12 21 265
12 22 66
12 23 263
12 24 119
12 25 195
12 26 192
12 27 60
12 28 121
12 29 230
12 30 120
12 31 256
12 32 156
12 33 143
12 34 20
12 35 110
12 36 160
12 37 120
12 38 218
12 39 42
12 40 128
12 41 126
12 42 263
12 43 105
12 44 86
12 45 61
12 46 166
12 47 155
12 48 135
12 49 102
12 50 100
12 51 183
12 52 64
13 0 69
13 1 336
13 2 383
13 3 110
13 4 156
13 5 283
13 6 177
13 7 298
13 8 267
13 9 107
13 10 75
13 11 96
13 12 21
13 14 168
13 15 209
13 16 61
13 17 9
13 18 231
13 19 207
13 20 158
13 21 287
13 22 88
13 23 285
13 24 141
13 25 217
13 26 214
13 27 38
13 28 143
13 29 252
13 30 142
13 31 278
13 32 178
13 33 165
13 34 41
13 35 132
13 36 186
13 37 127
13 38 240
13 39 60
13 40 150
13 41 148
13 42 285
13 43 127
13 44 107
13 45 80
13 46 188
13 47 177
13 48 156
13 49 80
13 50 64
13 51 205
13 52 40
14 0 101
14 1 318
14 2 365
14 3 92
14 4 138
14 5 265
14 6 159
14 7 280
14 8 249
14 9 89
14 10 84
14 11 101
14 12 66
14 13 60
14 15 191
14 16 94
14 17 68
14 18 213
14 19 213
14 20 164
14 21 269
14 22 94
14 23 267
14 24 147
14 25 199
14 26 196
14 27 43
14 28 125
14 29 234
14 30 125
14 31 260
14 32 184
14 33 171
14 34 77
14 35 114
14 36 188
14 37 174
14 38 222
14 39 55
14 40 133
14 41 154
14 42 267
14 43 109
14 44 64
14 45 35
14 46 170
14 47 183
14 48 113
14 49 85
14 50 96
14 51 187
14 52 7
15 0 149
15 1 178
15 2 195
15 3 84
15 4 90
15 5 100
15 6 108
15 7 89
15 8 59
15 9 44
15 10 77
15 11 149
15 12 172
15 13 158
15 14 139
15 16 162
15 17 167
15 18 97
15 19 150
15 20 157
15 21 78
15 22 87
15 23 77
15 24 140
15 25 8
15 26 5
15 27 139
15 28 101
15 29 43
15 30 45
15 31 70
15 32 173
15 33 164
15 34 145
15 35 66
15 36 194
15 37 187
15 38 57
15 39 99
15 40 36
15 41 147
15 42 77
15 43 61
15 44 139
15 45 142
15 46 118
15 47 131
15 48 128
15 49 132
15 50 144
15 51 107
15 52 146
16 0 65
16 1 364
16 2 411
16 3 138
16 4 184
16 5 311
16 6 205
16 7 326
16 8 295
16 9 135
16 10 103
16 11 125
16 12 49
16 13 29
16 14 196
16 15 237
16 17 6
16 18 259
16 19 225
16 20 186
16 21 315
16 22 116
16 23 313
16 24 169
16 25 245
16 26 242
16 27 67
16 28 171
16 29 280
16 30 170
16 31 306
16 32 206
16 33 193
16 34 69
16 35 160
16 36 183
16 37 124
16 38 268
16 39 89
16 40 178
16 41 176
16 42 313
16 43 155
16 44 135
16 45 108
16 46 216
16 47 205
16 48 184
16 49 109
16 50 60
16 51 233
16 52 68
17 0 59
17 1 344
17 2 391
17 3 118
17 4 164
17 5 291
17 6 185
17 7 306
17 8 275
17 9 115
17 10 83
17 11 105
17 12 29
17 13 9
17 14 176
17 15 217
17 16 69
17 18 239
17 19 219
17 20 166
17 21 295
17 22 96
17 23 293
17 24 149
17 25 225
17 26 222
17 27 47
17 28 151
17 29 260
17 30 150
17 31 286
17 32 186
17 33 173
17 34 49
17 35 140
17 36 177
17 37 118
17 38 248
17 39 69
17 40 158
17 41 156
17 42 293
17 43 135
17 44 115
17 45 88
17 46 196
17 47 185
17 48 164
17 49 89
17 50 54
17 51 213
17 52 48
18 0 175
18 1 204
18 2 251
18 3 110
18 4 68
18 5 151
18 6 84
18 7 167
18 8 135
18 9 70
18 10 103
18 11 175
18 12 198
18 13 184
18 14 165
18 15 27
18 16 188
18 17 193
18 19 227
18 20 127
18 21 156
18 22 113
18 23 154
18 24 151
18 25 85
18 26 21
18 27 165
18 28 89
18 29 121
18 30 71
18 31 147
18 32 145
18 33 134
18 34 171
18 35 92
18 36 166
18 37 198
18 38 108
18 39 125
18 40 63
18 41 158
18 42 154
18 43 87
18 44 165
18 45 168
18 46 44
18 47 95
18 48 154
18 49 158
18 50 170
18 51 61
18 52 172
19 0 190
19 1 354
19 2 389
19 3 157
19 4 160
19 5 301
19 6 176
19 7 317
19 8 285
19 9 153
19 10 121
19 11 235
19 12 174
19 13 154
19 14 224
19 15 176
19 16 125
19 17 131
19 18 156
19 20 60
19 21 306
19 22 145
19 23 297
19 24 60
19 25 235
19 26 171
19 27 177
19 28 190
19 29 271
19 30 189
19 31 291
19 32 24
19 33 66
19 34 155
19 35 179
19 36 45
19 37 108
19 38 258
19 39 136
19 40 197
19 41 68
19 42 298
19 43 174
19 44 164
19 45 193
19 46 127
19 47 76
19 48 212
19 49 219
19 50 185
19 51 106
19 52 193
20 0 239
20 1 300
20 2 329
20 3 188
20 4 149
20 5 247
20 6 165
20 7 271
20 8 231
20 9 185
20 10 156
20 11 266
20 12 224
20 13 204
20 14 256
20 15 122
20 16 174
20 17 180
20 18 96
20 19 49
20 21 252
20 22 167
20 23 237
20 24 110
20 25 181
20 26 117
20 27 208
20 28 170
20 29 217
20 30 167
20 31 230
20 32 73
20 33 6
20 34 204
20 35 188
20 36 94
20 37 157
20 38 204
20 39 167
20 40 158
20 41 117
20 42 238
20 43 183
20 44 196
20 45 211
20 46 66
20 47 69
20 48 244
20 49 250
20 50 234
20 51 46
20 52 211
21 0 248
21 1 190
21 2 147
21 3 183
21 4 189
21 5 34
21 6 210
21 7 11
21 8 38
21 9 143
21 10 175
21 11 248
21 12 271
21 13 256
21 14 238
21 15 117
21 16 260
21 17 265
21 18 190
21 19 242
21 20 256
21 22 186
21 23 49
21 24 239
21 25 100
21 26 98
21 27 237
21 28 200
21 29 22
21 30 143
21 31 66
21 32 265
21 33 263
21 34 243
21 35 165
21 36 286
21 37 286
21 38 62
21 39 197
21 40 151
21 41 246
21 42 45
21 43 160
21 44 238
21 45 240
21 46 220
21 47 223
21 48 227
21 49 231
21 50 243
21 51 199
21 52 245
22 0 182
22 1 344
22 2 400
22 3 149
22 4 150
22 5 291
22 6 166
22 7 307
22 8 275
22 9 145
22 10 113
22 11 227
22 12 167
22 13 147
22 14 216
22 15 166
22 16 118
22 17 123
22 18 167
22 19 120
22 20 71
22 21 296
22 23 287
22 24 53
22 25 225
22 26 161
22 27 169
22 28 171
22 29 261
22 30 181
22 31 281
22 32 91
22 33 77
22 34 147
22 35 171
22 36 112
22 37 100
22 38 248
22 39 128
22 40 189
22 41 60
22 42 288
22 43 166
22 44 156
22 45 185
22 46 117
22 47 90
22 48 204
22 49 211
22 50 177
22 51 117
22 52 186
23 0 249
23 1 187
23 2 144
23 3 184
23 4 190
23 5 81
23 6 211
23 7 61
23 8 38
23 9 144
23 10 176
23 11 249
23 12 272
23 13 257
23 14 239
23 15 120
23 16 261
23 17 266
23 18 171
23 19 215
23 20 257
23 21 61
23 22 187
23 24 240
23 25 104
23 26 102
23 27 238
23 28 201
23 29 24
23 30 144
23 31 36
23 32 238
23 33 264
23 34 244
23 35 166
23 36 259
23 37 287
23 38 65
23 39 198
23 40 152
23 41 247
23 42 26
23 43 161
23 44 239
23 45 241
23 46 193
23 47 196
23 48 228
23 49 232
23 50 244
23 51 172
23 52 246
24 0 129
24 1 321
24 2 368
24 3 96
24 4 142
24 5 268
24 6 163
24 7 283
24 8 252
24 9 92
24 10 60
24 11 174
24 12 114
24 13 94
24 14 163
24 15 194
24 16 65
24 17 71
24 18 217
24 19 178
24 20 155
24 21 272
24 22 84
24 23 270
24 25 202
24 26 199
24 27 116
24 28 129
24 29 237
24 30 128
24 31 263
24 32 174
24 33 161
24 34 94
24 35 118
24 36 137
24 37 47
24 38 225
24 39 75
24 40 136
24 41 8
24 42 270
24 43 113
24 44 103
24 45 132
24 46 174
24 47 173
24 48 151
24 49 158
24 50 124
24 51 191
24 52 133
25 0 265
25 1 230
25 2 187
25 3 200
25 4 156
25 5 149
25 6 173
25 7 103
25 8 107
25 9 160
25 10 193
25 11 265
25 12 288
25 13 296
25 14 255
25 15 117
25 16 267
25 17 272
25 18 90
25 19 142
25 20 156
25 21 114
25 22 203
25 23 69
25 24 202
25 26 111
25 27 255
25 28 177
25 29 93
25 30 161
25 31 62
25 32 165
25 33 163
25 34 296
25 35 182
25 36 186
25 37 249
25 38 106
25 39 215
25 40 153
25 41 210
25 42 69
25 43 177
25 44 250
25 45 258
25 46 120
25 47 123
25 48 244
25 49 248
25 50 260
25 51 99
25 52 262
26 0 154
26 1 183
26 2 189
26 3 89
26 4 83
26 5 130
26 6 99
26 7 105
26 8 109
26 9 49
26 10 82
26 11 154
26 12 177
26 13 163
26 14 144
26 15 5
26 16 167
26 17 172
26 18 92
26 19 145
26 20 162
26 21 116
26 22 92
26 23 71
26 24 145
26 25 3
26 27 144
26 28 106
26 29 100
26 30 50
26 31 64
26 32 168
26 33 169
26 34 150
26 35 71
26 36 189
26 37 192
26 38 87
26 39 104
26 40 41
26 41 152
26 42 71
26 43 66
26 44 144
26 45 147
26 46 108
26 47 125
26 48 133
26 49 137
26 50 149
26 51 101
26 52 151
27 0 58
27 1 328
27 2 375
27 3 103
27 4 149
27 5 275
27 6 170
27 7 290
27 8 259
27 9 100
27 10 85
27 11 58
27 12 45
27 13 38
27 14 149
27 15 201
27 16 82
27 17 47
27 18 224
27 19 215
27 20 166
27 21 279
27 22 96
27 23 277
27 24 149
27 25 209
27 26 206
27 28 136
27 29 244
27 30 135
27 31 270
27 32 186
27 33 173
27 34 65
27 35 125
27 36 190
27 37 156
27 38 232
27 39 41
27 40 143
27 41 156
27 42 277
27 43 120
27 44 88
27 45 62
27 46 181
27 47 185
27 48 137
27 49 42
27 50 53
27 51 198
27 52 23
28 0 252
28 1 281
28 2 328
28 3 154
28 4 80
28 5 228
28 6 96
28 7 244
28 8 212
28 9 147
28 10 149
28 11 252
28 12 259
28 13 252
28 14 242
28 15 103
28 16 228
28 17 233
28 18 88
28 19 177
28 20 128
28 21 233
28 22 160
28 23 217
28 24 163
28 25 162
28 26 98
28 27 234
28 29 198
28 30 148
28 31 211
28 32 146
28 33 135
28 34 239
28 35 169
28 36 167
28 37 210
28 38 185
28 39 193
28 40 139
28 41 170
28 42 218
28 43 164
28 44 222
28 45 237
28 46 45
28 47 96
28 48 231
28 49 235
28 50 247
28 51 62
28 52 237
29 0 212
29 1 207
29 2 168
29 3 147
29 4 153
29 5 44
29 6 174
29 7 34
29 8 1
29 9 107
29 10 139
29 11 212
29 12 235
29 13 220
29 14 202
29 15 83
29 16 224
29 17 229
29 18 155
29 19 207
29 20 220
29 21 23
29 22 150
29 23 24
29 24 203
29 25 65
29 26 63
29 27 201
29 28 164
29 30 107
29 31 43
29 32 230
29 33 227
29 34 207
29 35 129
29 36 251
29 37 250
29 38 28
29 39 161
29 40 115
29 41 210
29 42 50
29 43 124
29 44 202
29 45 204
29 46 185
29 47 188
29 48 191
29 49 195
29 50 207
29 51 164
29 52 209
30 0 197
30 1 226
30 2 273
30 3 132
30 4 64
30 5 173
30 6 80
30 7 189
30 8 157
30 9 92
30 10 125
30 11 197
30 12 220
30 13 206
30 14 187
30 15 70
30 16 212
30 17 217
30 18 133
30 19 216
30 20 167
30 21 178
30 22 135
30 23 176
30 24 147
30 25 107
30 26 104
30 27 187
30 28 85
30 29 143
30 31 169
30 32 191
30 33 173
30 34 193
30 35 114
30 36 212
30 37 194
30 38 130
30 39 147
30 40 8
30 41 154
30 42 176
30 43 109
30 44 187
30 45 190
30 46 89
30 47 141
30 48 176
30 49 180
30 50 192
30 51 107
30 52 194
31 0 230
31 1 250
31 2 212
31 3 165
31 4 171
31 5 87
31 6 192
31 7 79
31 8 48
31 9 125
31 10 157
31 11 230
31 12 253
31 13 238
31 14 220
31 15 87
31 16 242
31 17 247
31 18 160
31 19 212
31 20 238
31 21 68
31 22 168
31 23 70
31 24 221
31 25 70
31 26 68
31 27 219
31 28 182
31 29 32
31 30 125
31 32 235
31 33 245
31 34 225
31 35 147
31 36 256
31 37 268
31 38 44
31 39 179
31 40 133
31 41 228
31 42 97
31 43 142
31 44 220
31 45 222
31 46 190
31 47 193
31 48 209
31 49 213
31 50 225
31 51 169
31 52 227
32 0 166
32 1 330
32 2 391
32 3 133
32 4 136
32 5 277
32 6 152
32 7 293
32 8 261
32 9 129
32 10 97
32 11 211
32 12 151
32 13 131
32 14 200
32 15 152
32 16 101
32 17 107
32 18 146
32 19 107
32 20 58
32 21 282
32 22 121
32 23 273
32 24 37
32 25 211
32 26 147
32 27 153
32 28 166
32 29 247
32 30 165
32 31 267
32 33 64
32 34 131
32 35 155
32 36 21
32 37 84
32 38 234
32 39 112
32 40 173
32 41 44
32 42 274
32 43 150
32 44 140
32 45 169
32 46 103
32 47 77
32 48 188
32 49 195
32 50 161
32 51 104
32 52 170
33 0 233
33 1 294
33 2 323
33 3 182
33 4 143
33 5 241
33 6 159
33 7 265
33 8 225
33 9 179
33 10 150
33 11 260
33 12 218
33 13 198
33 14 250
33 15 116
33 16 168
33 17 174
33 18 90
33 19 43
33 20 103
33 21 246
33 22 161
33 23 231
33 24 104
33 25 175
33 26 111
33 27 202
33 28 164
33 29 211
33 30 161
33 31 224
33 32 67
33 34 198
33 35 182
33 36 88
33 37 151
33 38 198
33 39 161
33 40 152
33 41 111
33 42 232
33 43 177
33 44 190
33 45 205
33 46 60
33 47 63
33 48 238
33 49 244
33 50 228
33 51 40
33 52 205
34 0 148
34 1 295
34 2 342
34 3 69
34 4 115
34 5 242
34 6 136
34 7 257
34 8 226
34 9 66
34 10 34
34 11 148
34 12 115
34 13 108
34 14 137
34 15 168
34 16 112
34 17 117
34 18 190
34 19 166
34 20 117
34 21 246
34 22 47
34 23 244
34 24 100
34 25 176
34 26 173
34 27 90
34 28 102
34 29 211
34 30 101
34 31 237
34 32 137
34 33 124
34 35 91
34 36 141
34 37 147
34 38 199
34 39 49
34 40 109
34 41 107
34 42 244
34 43 86
34 44 77
34 45 92
34 46 147
34 47 136
34 48 125
34 49 132
34 50 143
34 51 164
34 52 93
35 0 218
35 1 298
35 2 359
35 3 103
35 4 24
35 5 245
35 6 45
35 7 261
35 8 229
35 9 100
35 10 98
35 11 218
35 12 186
35 13 179
35 14 208
35 15 120
35 16 177
35 17 182
35 18 132
35 19 181
35 20 132
35 21 250
35 22 109
35 23 241
35 24 112
35 25 179
35 26 115
35 27 160
35 28 50
35 29 215
35 30 136
35 31 234
35 32 152
35 33 138
35 34 166
35 36 173
35 37 159
35 38 202
35 39 120
35 40 144
35 41 119
35 42 241
35 43 120
35 44 158
35 45 163
35 46 88
35 47 139
35 48 197
35 49 201
35 50 213
35 51 105
35 52 164
36 0 145
36 1 337
36 2 384
36 3 112
36 4 158
36 5 284
36 6 179
36 7 299
36 8 268
36 9 108
36 10 76
36 11 190
36 12 130
36 13 110
36 14 179
36 15 210
36 16 80
36 17 86
36 18 207
36 19 129
36 20 123
36 21 288
36 22 100
36 23 286
36 24 16
36 25 218
36 26 215
36 27 132
36 28 145
36 29 253
36 30 144
36 31 279
36 32 153
36 33 129
36 34 110
36 35 134
36 37 63
36 38 241
36 39 91
36 40 152
36 41 23
36 42 286
36 43 129
36 44 119
36 45 148
36 46 168
36 47 142
36 48 167
36 49 174
36 50 140
36 51 157
36 52 149
37 0 82
37 1 342
37 2 389
37 3 116
37 4 162
37 5 289
37 6 183
37 7 304
37 8 273
37 9 113
37 10 81
37 11 142
37 12 67
37 13 47
37 14 172
37 15 215
37 16 17
37 17 23
37 18 237
37 19 201
37 20 164
37 21 293
37 22 94
37 23 291
37 24 147
37 25 223
37 26 220
37 27 84
37 28 149
37 29 258
37 30 148
37 31 284
37 32 184
37 33 171
37 34 47
37 35 138
37 36 160
37 38 246
37 39 66
37 40 156
37 41 154
37 42 291
37 43 133
37 44 111
37 45 85
37 46 194
37 47 183
37 48 160
37 49 126
37 50 77
37 51 211
37 52 86
38 0 199
38 1 206
38 2 209
38 3 134
38 4 140
38 5 43
38 6 161
38 7 74
38 8 27
38 9 94
38 10 126
38 11 199
38 12 222
38 13 207
38 14 189
38 15 55
38 16 211
38 17 216
38 18 152
38 19 205
38 20 207
38 21 63
38 22 137
38 23 65
38 24 190
38 25 63
38 26 60
38 27 188
38 28 151
38 29 28
38 30 94
38 31 84
38 32 228
38 33 214
38 34 194
38 35 116
38 36 249
38 37 237
38 39 148
38 40 102
38 41 197
38 42 91
38 43 111
38 44 189
38 45 191
38 46 183
38 47 186
38 48 178
38 49 182
38 50 194
38 51 162
38 52 196
39 0 99
39 1 288
39 2 335
39 3 63
39 4 109
39 5 235
39 6 130
39 7 250
39 8 219
39 9 60
39 10 45
39 11 99
39 12 66
39 13 59
39 14 130
39 15 161
39 16 63
39 17 68
39 18 184
39 19 175
39 20 126
39 21 239
39 22 56
39 23 237
39 24 109
39 25 169
39 26 166
39 27 41
39 28 96
39 29 204
39 30 95
39 31 230
39 32 146
39 33 133
39 34 46
39 35 85
39 36 150
39 37 143
39 38 192
39 40 103
39 41 116
39 42 237
39 43 80
39 44 69
39 45 43
39 46 141
39 47 145
39 48 118
39 49 83
39 50 94
39 51 158
39 52 44
40 0 211
40 1 240
40 2 287
40 3 130
40 4 56
40 5 187
40 6 72
40 7 203
40 8 171
40 9 106
40 10 125
40 11 211
40 12 213
40 13 206
40 14 201
40 15 62
40 16 204
40 17 209
40 18 125
40 19 208
40 20 159
40 21 192
40 22 136
40 23 190
40 24 139
40 25 121
40 26 109
40 27 187
40 28 77
40 29 157
40 30 107
40 31 183
40 32 183
40 33 165
40 34 193
40 35 128
40 36 204
40 37 186
40 38 144
40 39 147
40 41 146
40 42 190
40 43 123
40 44 185
40 45 190
40 46 82
40 47 133
40 48 190
40 49 194
40 50 206
40 51 99
40 52 191
41 0 122
41 1 314
41 2 361
41 3 89
41 4 135
41 5 261
41 6 156
41 7 276
41 8 245
41 9 85
41 10 53
41 11 167
41 12 106
41 13 86
41 14 156
41 15 187
41 16 57
41 17 63
41 18 210
41 19 171
41 20 148
41 21 265
41 22 77
41 23 263
41 24 130
41 25 195
41 26 192
41 27 109
41 28 122
41 29 230
41 30 121
41 31 256
41 32 167
41 33 154
41 34 87
41 35 111
41 36 130
41 37 40
41 38 218
41 39 68
41 40 129
41 42 263
41 43 106
41 44 96
41 45 125
41 46 167
41 47 166
41 48 144
41 49 151
41 50 117
41 51 184
41 52 125
42 0 275
42 1 161
42 2 118
42 3 210
42 4 216
42 5 81
42 6 237
42 7 35
42 8 65
42 9 170
42 10 202
42 11 275
42 12 298
42 13 283
42 14 265
42 15 147
42 16 287
42 17 292
42 18 164
42 19 216
42 20 230
42 21 46
42 22 213
42 23 27
42 24 276
42 25 131
42 26 129
42 27 264
42 28 227
42 29 51
42 30 170
42 31 60
42 32 239
42 33 237
42 34 270
42 35 192
42 36 260
42 37 323
42 38 92
42 39 224
42 40 178
42 41 284
42 43 187
42 44 265
42 45 267
42 46 194
42 47 197
42 48 254
42 49 258
42 50 270
42 51 173
42 52 272
43 0 223
43 1 303
43 2 364
43 3 108
43 4 29
43 5 250
43 6 50
43 7 266
43 8 234
43 9 105
43 10 103
43 11 223
43 12 191
43 13 184
43 14 213
43 15 125
43 16 182
43 17 187
43 18 137
43 19 186
43 20 137
43 21 255
43 22 114
43 23 246
43 24 117
43 25 184
43 26 120
43 27 165
43 28 55
43 29 220
43 30 141
43 31 239
43 32 157
43 33 143
43 34 171
43 35 5
43 36 178
43 37 164
43 38 207
43 39 125
43 40 149
43 41 124
43 42 246
43 44 163
43 45 168
43 46 93
43 47 144
43 48 202
43 49 206
43 50 218
43 51 110
43 52 169
44 0 70
44 1 380
44 2 427
44 3 154
44 4 200
44 5 327
44 6 221
44 7 342
44 8 311
44 9 151
44 10 146
44 11 70
44 12 93
44 13 89
44 14 61
44 15 253
44 16 133
44 17 98
44 18 275
44 19 269
44 20 226
44 21 331
44 22 156
44 23 329
44 24 209
44 25 261
44 26 258
44 27 68
44 28 187
44 29 296
44 30 187
44 31 322
44 32 246
44 33 233
44 34 112
44 35 176
44 36 228
44 37 168
44 38 284
44 39 109
44 40 195
44 41 216
44 42 329
44 43 171
44 45 97
44 46 232
44 47 245
44 48 49
44 49 54
44 50 65
44 51 249
44 52 68
45 0 134
45 1 283
45 2 330
45 3 57
45 4 103
45 5 230
45 6 124
45 7 245
45 8 214
45 9 54
45 10 49
45 11 134
45 12 136
45 13 129
45 14 125
45 15 156
45 16 133
45 17 138
45 18 178
45 19 178
45 20 129
45 21 234
45 22 59
45 23 232
45 24 112
45 25 164
45 26 161
45 27 110
45 28 90
45 29 199
45 30 90
45 31 225
45 32 149
45 33 136
45 34 116
45 35 79
45 36 153
45 37 159
45 38 187
45 39 70
45 40 98
45 41 119
45 42 232
45 43 74
45 44 65
45 46 135
45 47 148
45 48 113
45 49 118
45 50 129
45 51 152
45 52 114
46 0 219
46 1 248
46 2 295
46 3 169
46 4 83
46 5 195
46 6 99
46 7 211
46 8 179
46 9 114
46 10 137
46 11 219
46 12 214
46 13 207
46 14 209
46 15 70
46 16 198
46 17 203
46 18 44
46 19 132
46 20 83
46 21 200
46 22 148
46 23 198
46 24 133
46 25 129
46 26 65
46 27 189
46 28 104
46 29 165
46 30 115
46 31 191
46 32 101
46 33 90
46 34 194
46 35 136
46 36 122
46 37 180
46 38 152
46 39 148
46 40 106
46 41 140
46 42 198
46 43 131
46 44 177
46 45 192
46 47 51
46 48 198
46 49 202
46 50 214
46 51 17
46 52 192
47 0 196
47 1 290
47 2 351
47 3 118
47 4 96
47 5 237
47 6 112
47 7 253
47 8 221
47 9 115
47 10 86
47 11 196
47 12 163
47 13 156
47 14 186
47 15 112
47 16 148
47 17 153
47 18 106
47 19 152
47 20 103
47 21 242
47 22 97
47 23 233
47 24 83
47 25 171
47 26 107
47 27 138
47 28 117
47 29 207
47 30 150
47 31 226
47 32 123
47 33 109
47 34 143
47 35 140
47 36 144
47 37 130
47 38 194
47 39 97
47 40 158
47 41 90
47 42 233
47 43 135
47 44 126
47 45 141
47 46 63
47 48 174
47 49 180
47 50 191
47 51 80
47 52 141
48 0 21
48 1 347
48 2 394
48 3 122
48 4 168
48 5 294
48 6 189
48 7 309
48 8 278
48 9 119
48 10 97
48 11 21
48 12 44
48 13 40
48 14 168
48 15 220
48 16 84
48 17 49
48 18 243
48 19 220
48 20 180
48 21 298
48 22 110
48 23 296
48 24 163
48 25 228
48 26 225
48 27 19
48 28 155
48 29 263
48 30 154
48 31 289
48 32 200
48 33 187
48 34 63
48 35 144
48 36 179
48 37 119
48 38 251
48 39 60
48 40 162
48 41 170
48 42 296
48 43 139
48 44 107
48 45 81
48 46 200
48 47 199
48 49 5
48 50 16
48 51 217
48 52 42
49 0 17
49 1 354
49 2 401
49 3 128
49 4 174
49 5 301
49 6 195
49 7 316
49 8 285
49 9 125
49 10 93
49 11 17
49 12 40
49 13 36
49 14 187
49 15 227
49 16 80
49 17 45
49 18 249
49 19 215
49 20 176
49 21 305
49 22 106
49 23 303
49 24 159
49 25 235
49 26 232
49 27 60
49 28 161
49 29 270
49 30 160
49 31 296
49 32 196
49 33 183
49 34 59
49 35 150
49 36 174
49 37 114
49 38 258
49 39 82
49 40 168
49 41 166
49 42 303
49 43 145
49 44 126
49 45 101
49 46 206
49 47 195
49 48 175
49 50 12
49 51 223
49 52 62
50 0 5
50 1 363
50 2 410
50 3 137
50 4 183
50 5 310
50 6 204
50 7 325
50 8 294
50 9 134
50 10 102
50 11 156
50 12 81
50 13 60
50 14 205
50 15 236
50 16 69
50 17 51
50 18 258
50 19 203
50 20 197
50 21 314
50 22 126
50 23 312
50 24 178
50 25 244
50 26 241
50 27 98
50 28 170
50 29 279
50 30 169
50 31 305
50 32 227
50 33 203
50 34 96
50 35 159
50 36 162
50 37 102
50 38 267
50 39 115
50 40 177
50 41 185
50 42 312
50 43 154
50 44 145
50 45 134
50 46 215
50 47 216
50 48 193
50 49 140
50 51 231
50 52 100
51 0 216
51 1 251
51 2 298
51 3 138
51 4 100
51 5 198
51 6 116
51 7 214
51 8 182
51 9 135
51 10 106
51 11 216
51 12 183
51 13 176
51 14 206
51 15 73
51 16 167
51 17 172
51 18 47
51 19 101
51 20 52
51 21 203
51 22 117
51 23 201
51 24 102
51 25 132
51 26 68
51 27 158
51 28 121
51 29 168
51 30 118
51 31 194
51 32 70
51 33 59
51 34 163
51 35 160
51 36 91
51 37 149
51 38 155
51 39 117
51 40 109
51 41 109
51 42 201
51 43 155
51 44 146
51 45 161
51 46 17
51 47 19
51 48 194
51 49 200
51 50 211
51 52 161
52 0 81
52 1 309
52 2 356
52 3 83
52 4 129
52 5 256
52 6 150
52 7 271
52 8 240
52 9 80
52 10 75
52 11 81
52 12 46
52 13 40
52 14 115
52 15 182
52 16 84
52 17 48
52 18 204
52 19 204
52 20 155
52 21 260
52 22 85
52 23 258
52 24 138
52 25 190
52 26 187
52 27 23
52 28 116
52 29 225
52 30 116
52 31 251
52 32 175
52 33 162
52 34 66
52 35 105
52 36 179
52 37 166
52 38 213
52 39 45
52 40 124
52 41 145
52 42 258
52 43 100
52 44 54
52 45 26
52 46 161
52 47 174
52 48 103
52 49 65
52 50 76
52 51 178

45

2400
2400
2400
2400
2400
2400
2400
2400
2400
3200
2400
2400
2400
2400
2400
2400
3200
3200
2400
2400
2400
2400
2400
2400
2400
2400
2400
2400
3200
2400
3200
2400
2400
2400
2400
2400
2400
2400
2400
2400
2400
2400
3200
2400
2400
2400
2400
2400
2400
2400
2400
2400
2400

54000
