-34.8997371,-56.1289509
-34.8498536,-56.097085

60
-34.9123099837275,-56.14780578826778
-34.911896572765556,-56.14864752915888
-34.90926578858068,-56.15348549459272
-34.910246901197795,-56.14807132679739
-34.91490317944775,-56.14979006697229
-34.914769186983555,-56.15028802232985
-34.91440644938468,-56.14926430696065
-34.91459496755251,-56.15091636820324
-34.91413798444875,-56.1526112576613
-34.90943122539242,-56.15061993659042
-34.910715129663004,-56.14713050870993
-34.91209260842959,-56.14882172016768
-34.91309997686887,-56.14987750282803
-34.9105871290355,-56.14857494126565
-34.908988491638084,-56.15350085489949
-34.90753660368748,-56.15120458689876
-34.91047359548581,-56.14825167515699
-34.90947057790954,-56.153111221511004
-34.907170705116926,-56.14985915082595
-34.90714171831579,-56.149881560294915
-34.908036176843986,-56.15301648919836
-34.90932739051849,-56.15197428431158
-34.909031600155785,-56.152229086094295
-34.9077730223663,-56.15246859667388
-34.911761001280574,-56.14667302105721
-34.909249440118366,-56.148500629250215
-34.91144250170731,-56.146260351250554
-34.911261988542805,-56.14752106301517
-34.91194607155886,-56.151046962863305
-34.911862224271324,-56.15111362420752
-34.912413738675134,-56.15247509392085
-34.91076839875722,-56.14885122493531
-34.90914839061752,-56.14829820143247
-34.911909440519636,-56.14598185075819
-34.91266509087462,-56.15070847185097
-34.91149379871084,-56.149993762707986
-34.9125576503062,-56.148993197217315
-34.912828768327714,-56.148744015422956
-34.911400233051154,-56.14813792465367
-34.913411245641726,-56.148195954101006
-34.912730998857015,-56.14740735690984
-34.90930537512824,-56.14945501065175
-34.910865081962214,-56.152282307684246
-34.91365504698907,-56.15342738341542
-34.9104281795614,-56.152290590110894
-34.9139439802399,-56.148073519925966
-34.91346226220523,-56.1475311570218
-34.91431487319227,-56.14906814126644
-34.910571736157316,-56.14681668406235
-34.9097930134021,-56.148926427139756
-34.91119474962196,-56.151660258190844
-34.91361346129472,-56.14980652666282
-34.91310265634286,-56.150260608507786
-34.912625971212066,-56.153485123071334
-34.910903353313024,-56.151895938898036
-34.91331377748645,-56.15337826031792
-34.9138459167415,-56.15081123771178
-34.91252995848184,-56.152182174803784
-34.910861507115285,-56.1521445970863
-34.911589092614186,-56.153034730148605

6.6766578695
7.1944627345
5.0504749941
6.7532118057
9.1829688007
6.2637807893
17.2393678251
5.784406237
6.2340851497
15.5075928118
6.2264200745
7.6414588527
8.2528420474
5.5536448459
5.2459155653
8.4664453454
7.7580774131
4.5207265171
11.7085049015
11.4359832932
9.3647597573
8.3566309537
5.8770785617
11.7354137806
4.8160019136
6.2445458627
5.6217301877
5.8130142596
19.1583320294
15.847609853
13.3223282808
6.856789397
6.2116346824
4.7791476368
5.9133534207
9.6261050265
9.8156325451
9.740870615
5.7228938871
13.5096614911
5.0002305386
8.1325130272
7.8761546147
13.7178656775
6.4769473281
32.9928981064
11.0652406493
15.3078307452
7.8726967403
7.5146475739
11.3702758835
6.8199327637
7.492930767
8.9890112319
10.1008106724
26.7759003453
5.7053278154
15.5533608541
10.8358824656
12.4696343577

366
387
460
417
392
394
338
397
406
411
365
389
412
412
462
360
391
462
338
338
366
392
389
363
396
346
401
399
382
382
459
409
344
295
377
397
406
409
409
379
332
401
460
433
470
324
321
338
363
384
412
369
373
443
414
442
427
461
415
453

1141
1125
1078
1061
1124
1121
1049
1118
1110
1053
1118
1123
1121
1095
1115
1034
1084
1076
984
984
1113
1082
1085
1116
1068
1106
1064
1076
1086
1085
1152
1098
1108
1051
1088
1131
1106
1103
1138
1066
1106
1120
1055
1083
1068
1026
1030
1049
1121
1091
1055
1080
1084
1073
1053
1109
1175
1150
1052
1063

0 1 22
0 2 162
0 3 80
0 4 188
0 5 190
0 6 120
0 7 154
0 8 156
0 9 87
0 10 198
0 11 24
0 12 47
0 13 46
0 14 167
0 15 281
0 16 80
0 17 160
0 18 201
0 19 202
0 20 201
0 21 180
0 22 177
0 23 198
0 24 127
0 25 168
0 26 131
0 27 88
0 28 92
0 29 93
0 30 160
0 31 43
0 32 167
0 33 230
0 34 87
0 35 108
0 36 41
0 37 44
0 38 99
0 39 81
0 40 169
0 41 133
0 42 176
0 43 166
0 44 152
0 45 121
0 46 158
0 47 120
0 48 196
0 49 162
0 50 121
0 51 90
0 52 84
0 53 159
0 54 123
0 55 192
0 56 138
0 57 162
0 58 124
0 59 168
1 0 96
1 2 142
1 3 156
1 4 166
1 5 168
1 6 98
1 7 132
1 8 134
1 9 165
1 10 181
1 11 2
1 12 25
1 13 122
1 14 146
1 15 284
1 16 156
1 17 140
1 18 217
1 19 217
1 20 249
1 21 228
1 22 225
1 23 246
1 24 102
1 25 197
1 26 106
1 27 164
1 28 70
1 29 71
1 30 150
1 31 119
1 32 196
1 33 205
1 34 65
1 35 86
1 36 19
1 37 22
1 38 175
1 39 59
1 40 150
1 41 171
1 42 166
1 43 161
1 44 132
1 45 99
1 46 139
1 47 98
1 48 179
1 49 199
1 50 101
1 51 68
1 52 62
1 53 149
1 54 103
1 55 170
1 56 116
1 57 152
1 58 104
1 59 158
2 0 168
2 1 165
2 3 155
2 4 199
2 5 201
2 6 115
2 7 149
2 8 151
2 9 104
2 10 253
2 11 167
2 12 155
2 13 145
2 14 5
2 15 143
2 16 129
2 17 2
2 18 140
2 19 140
2 20 148
2 21 150
2 22 147
2 23 145
2 24 175
2 25 243
2 26 179
2 27 137
2 28 71
2 29 71
2 30 103
2 31 143
2 32 242
2 33 277
2 34 76
2 35 109
2 36 147
2 37 150
2 38 148
2 39 144
2 40 219
2 41 94
2 42 112
2 43 109
2 44 10
2 45 184
2 46 208
2 47 115
2 48 251
2 49 122
2 50 41
2 51 84
2 52 80
2 53 102
2 54 39
2 55 187
2 56 113
2 57 105
2 58 38
2 59 105
3 0 246
3 1 174
3 2 204
3 4 272
3 5 274
3 6 218
3 7 257
3 8 259
3 9 141
3 10 118
3 11 176
3 12 200
3 13 201
3 14 209
3 15 196
3 16 133
3 17 202
3 18 121
3 19 122
3 20 193
3 21 219
3 22 216
3 23 190
3 24 180
3 25 88
3 26 184
3 27 141
3 28 180
3 29 179
3 30 202
3 31 198
3 32 87
3 33 175
3 34 185
3 35 217
3 36 194
3 37 197
3 38 157
3 39 234
3 40 212
3 41 159
3 42 218
3 43 208
3 44 194
3 45 204
3 46 201
3 47 218
3 48 116
3 49 126
3 50 163
3 51 193
3 52 188
3 53 201
3 54 165
3 55 295
3 56 221
3 57 204
3 58 166
3 59 210
4 0 193
4 1 212
4 2 115
4 3 176
4 5 2
4 6 141
4 7 6
4 8 14
4 9 149
4 10 278
4 11 214
4 12 151
4 13 142
4 14 119
4 15 260
4 16 176
4 17 112
4 18 185
4 19 185
4 20 217
4 21 196
4 22 193
4 23 214
4 24 200
4 25 264
4 26 204
4 27 184
4 28 106
4 29 107
4 30 105
4 31 139
4 32 263
4 33 302
4 34 102
4 35 106
4 36 143
4 37 146
4 38 195
4 39 169
4 40 247
4 41 139
4 42 68
4 43 41
4 44 105
4 45 209
4 46 236
4 47 141
4 48 276
4 49 167
4 50 95
4 51 110
4 52 106
4 53 51
4 54 93
4 55 50
4 56 72
4 57 107
4 58 92
4 59 61
5 0 191
5 1 210
5 2 112
5 3 174
5 4 147
5 6 139
5 7 3
5 8 11
5 9 146
5 10 276
5 11 212
5 12 149
5 13 140
5 14 116
5 15 257
5 16 174
5 17 109
5 18 182
5 19 182
5 20 214
5 21 193
5 22 190
5 23 211
5 24 198
5 25 262
5 26 202
5 27 182
5 28 104
5 29 105
5 30 102
5 31 137
5 32 261
5 33 300
5 34 100
5 35 104
5 36 141
5 37 144
5 38 193
5 39 167
5 40 245
5 41 136
5 42 65
5 43 38
5 44 102
5 45 207
5 46 234
5 47 139
5 48 274
5 49 164
5 50 92
5 51 108
5 52 104
5 53 48
5 54 90
5 55 48
5 56 70
5 57 104
5 58 89
5 59 58
6 0 66
6 1 88
6 2 115
6 3 129
6 4 84
6 5 86
6 7 89
6 8 98
6 9 138
6 10 151
6 11 90
6 12 104
6 13 95
6 14 120
6 15 258
6 16 129
6 17 113
6 18 191
6 19 191
6 20 223
6 21 202
6 22 199
6 23 220
6 24 72
6 25 167
6 26 76
6 27 137
6 28 44
6 29 44
6 30 123
6 31 92
6 32 166
6 33 175
6 34 39
6 35 59
6 36 96
6 37 99
6 38 148
6 39 41
6 40 120
6 41 145
6 42 139
6 43 125
6 44 105
6 45 81
6 46 109
6 47 0
6 48 149
6 49 173
6 50 74
6 51 31
6 52 35
6 53 122
6 54 77
6 55 134
6 56 89
6 57 125
6 58 78
6 59 131
7 0 187
7 1 206
7 2 109
7 3 170
7 4 207
7 5 210
7 6 135
7 8 8
7 9 143
7 10 272
7 11 208
7 12 145
7 13 136
7 14 113
7 15 254
7 16 170
7 17 106
7 18 179
7 19 179
7 20 211
7 21 190
7 22 187
7 23 208
7 24 194
7 25 258
7 26 198
7 27 178
7 28 100
7 29 101
7 30 99
7 31 133
7 32 257
7 33 296
7 34 96
7 35 100
7 36 137
7 37 140
7 38 189
7 39 163
7 40 241
7 41 133
7 42 62
7 43 35
7 44 99
7 45 203
7 46 230
7 47 135
7 48 270
7 49 161
7 50 89
7 51 104
7 52 100
7 53 45
7 54 87
7 55 44
7 56 66
7 57 101
7 58 86
7 59 55
8 0 208
8 1 196
8 2 101
8 3 186
8 4 204
8 5 206
8 6 155
8 7 185
8 9 135
8 10 286
8 11 198
8 12 188
8 13 182
8 14 105
8 15 246
8 16 160
8 17 98
8 18 171
8 19 171
8 20 203
8 21 182
8 22 179
8 23 200
8 24 207
8 25 274
8 26 211
8 27 168
8 28 112
8 29 111
8 30 91
8 31 179
8 32 273
8 33 310
8 34 117
8 35 149
8 36 180
8 37 183
8 38 179
8 39 184
8 40 250
8 41 125
8 42 54
8 43 27
8 44 91
8 45 242
8 46 239
8 47 156
8 48 284
8 49 153
8 50 81
8 51 125
8 52 121
8 53 37
8 54 79
8 55 175
8 56 123
8 57 93
8 58 78
8 59 47
9 0 200
9 1 112
9 2 115
9 3 103
9 4 226
9 5 228
9 6 172
9 7 206
9 8 208
9 10 203
9 11 114
9 12 137
9 13 139
9 14 119
9 15 193
9 16 77
9 17 112
9 18 124
9 19 124
9 20 114
9 21 93
9 22 90
9 23 111
9 24 124
9 25 191
9 26 128
9 27 85
9 28 129
9 29 128
9 30 151
9 31 136
9 32 190
9 33 227
9 34 134
9 35 166
9 36 131
9 37 134
9 38 95
9 39 171
9 40 166
9 41 41
9 42 167
9 43 157
9 44 118
9 45 158
9 46 155
9 47 172
9 48 201
9 49 70
9 50 112
9 51 142
9 52 137
9 53 150
9 54 114
9 55 244
9 56 170
9 57 153
9 58 115
9 59 159
10 0 157
10 1 56
10 2 198
10 3 117
10 4 183
10 5 185
10 6 129
10 7 188
10 8 190
10 9 124
10 11 58
10 12 81
10 13 83
10 14 202
10 15 284
10 16 117
10 17 196
10 18 209
10 19 209
10 20 238
10 21 217
10 22 214
10 23 235
10 24 80
10 25 175
10 26 84
10 27 41
10 28 126
10 29 127
10 30 196
10 31 80
10 32 174
10 33 183
10 34 121
10 35 142
10 36 75
10 37 78
10 38 39
10 39 115
10 40 123
10 41 170
10 42 212
10 43 202
10 44 188
10 45 115
10 46 112
10 47 129
10 48 157
10 49 199
10 50 157
10 51 124
10 52 118
10 53 195
10 54 159
10 55 226
10 56 172
10 57 198
10 58 160
10 59 204
11 0 94
11 1 116
11 2 140
11 3 154
11 4 164
11 5 166
11 6 96
11 7 130
11 8 132
11 9 163
11 10 179
11 12 23
11 13 120
11 14 144
11 15 282
11 16 154
11 17 138
11 18 215
11 19 215
11 20 247
11 21 226
11 22 223
11 23 244
11 24 100
11 25 195
11 26 104
11 27 162
11 28 68
11 29 69
11 30 148
11 31 117
11 32 194
11 33 203
11 34 63
11 35 84
11 36 17
11 37 20
11 38 173
11 39 57
11 40 148
11 41 169
11 42 164
11 43 159
11 44 130
11 45 97
11 46 137
11 47 96
11 48 177
11 49 197
11 50 99
11 51 66
11 52 60
11 53 147
11 54 101
11 55 168
11 56 114
11 57 150
11 58 102
11 59 156
12 0 125
12 1 147
12 2 116
12 3 130
12 4 156
12 5 158
12 6 72
12 7 106
12 8 108
12 9 139
12 10 210
12 11 149
12 13 96
12 14 120
12 15 258
12 16 130
12 17 114
12 18 191
12 19 191
12 20 223
12 21 202
12 22 199
12 23 220
12 24 132
12 25 218
12 26 136
12 27 138
12 28 44
12 29 45
12 30 124
12 31 93
12 32 217
12 33 234
12 34 39
12 35 60
12 36 97
12 37 100
12 38 149
12 39 101
12 40 179
12 41 145
12 42 140
12 43 135
12 44 106
12 45 141
12 46 168
12 47 72
12 48 208
12 49 173
12 50 75
12 51 42
12 52 36
12 53 123
12 54 77
12 55 144
12 56 90
12 57 126
12 58 78
12 59 132
13 0 157
13 1 70
13 2 211
13 3 34
13 4 183
13 5 185
13 6 129
13 7 188
13 8 197
13 9 138
13 10 152
13 11 72
13 12 95
13 14 215
13 15 230
13 16 34
13 17 209
13 18 155
13 19 156
13 20 227
13 21 231
13 22 228
13 23 224
13 24 81
13 25 122
13 26 85
13 27 42
13 28 139
13 29 140
13 30 210
13 31 94
13 32 121
13 33 184
13 34 134
13 35 155
13 36 89
13 37 92
13 38 53
13 39 129
13 40 123
13 41 193
13 42 226
13 43 224
13 44 201
13 45 115
13 46 112
13 47 129
13 48 150
13 49 160
13 50 170
13 51 137
13 52 131
13 53 209
13 54 172
13 55 233
13 56 185
13 57 212
13 58 173
13 59 218
14 0 271
14 1 251
14 2 104
14 3 241
14 4 302
14 5 304
14 6 219
14 7 252
14 8 254
14 9 190
14 10 341
14 11 253
14 12 276
14 13 249
14 15 139
14 16 215
14 17 106
14 18 235
14 19 235
14 20 144
14 21 170
14 22 167
14 23 141
14 24 262
14 25 329
14 26 266
14 27 223
14 28 175
14 29 174
14 30 206
14 31 247
14 32 328
14 33 365
14 34 180
14 35 213
14 36 251
14 37 254
14 38 234
14 39 247
14 40 305
14 41 180
14 42 183
14 43 213
14 44 114
14 45 297
14 46 294
14 47 219
14 48 339
14 49 208
14 50 144
14 51 188
14 52 184
14 53 206
14 54 142
14 55 290
14 56 216
14 57 208
14 58 141
14 59 176
15 0 200
15 1 112
15 2 98
15 3 103
15 4 226
15 5 228
15 6 171
15 7 205
15 8 207
15 9 52
15 10 203
15 11 114
15 12 137
15 13 139
15 14 102
15 16 76
15 17 95
15 18 96
15 19 96
15 20 79
15 21 55
15 22 52
15 23 76
15 24 124
15 25 191
15 26 128
15 27 84
15 28 128
15 29 127
15 30 150
15 31 136
15 32 190
15 33 227
15 34 133
15 35 165
15 36 131
15 37 134
15 38 95
15 39 171
15 40 166
15 41 41
15 42 166
15 43 156
15 44 101
15 45 158
15 46 155
15 47 171
15 48 201
15 49 69
15 50 111
15 51 141
15 52 136
15 53 149
15 54 113
15 55 243
15 56 169
15 57 152
15 58 114
15 59 158
16 0 123
16 1 36
16 2 177
16 3 97
16 4 149
16 5 151
16 6 95
16 7 154
16 8 163
16 9 104
16 10 126
16 11 38
16 12 61
16 13 63
16 14 181
16 15 251
16 17 175
16 18 176
16 19 176
16 20 218
16 21 197
16 22 194
16 23 215
16 24 47
16 25 142
16 26 51
16 27 8
16 28 105
16 29 106
16 30 176
16 31 60
16 32 141
16 33 150
16 34 100
16 35 121
16 36 55
16 37 58
16 38 19
16 39 95
16 40 89
16 41 150
16 42 192
16 43 190
16 44 167
16 45 81
16 46 78
16 47 95
16 48 124
16 49 179
16 50 136
16 51 103
16 52 97
16 53 175
16 54 138
16 55 199
16 56 151
16 57 178
16 58 139
16 59 184
17 0 165
17 1 163
17 2 2
17 3 153
17 4 196
17 5 198
17 6 113
17 7 146
17 8 148
17 9 102
17 10 250
17 11 165
17 12 153
17 13 143
17 14 7
17 15 145
17 16 127
17 18 138
17 19 138
17 20 150
17 21 148
17 22 145
17 23 147
17 24 172
17 25 241
17 26 176
17 27 135
17 28 69
17 29 69
17 30 101
17 31 141
17 32 240
17 33 274
17 34 74
17 35 107
17 36 145
17 37 148
17 38 146
17 39 141
17 40 217
17 41 92
17 42 110
17 43 107
17 44 8
17 45 181
17 46 206
17 47 113
17 48 248
17 49 120
17 50 39
17 51 82
17 52 78
17 53 100
17 54 36
17 55 184
17 56 110
17 57 103
17 58 35
17 59 103
18 0 251
18 1 163
18 2 138
18 3 153
18 4 277
18 5 279
18 6 222
18 7 256
18 8 258
18 9 95
18 10 202
18 11 165
18 12 188
18 13 190
18 14 142
18 15 75
18 16 127
18 17 135
18 19 0
18 20 72
18 21 98
18 22 95
18 23 69
18 24 174
18 25 152
18 26 178
18 27 135
18 28 179
18 29 178
18 30 201
18 31 187
18 32 151
18 33 258
18 34 184
18 35 216
18 36 182
18 37 185
18 38 146
18 39 222
18 40 217
18 41 92
18 42 226
18 43 207
18 44 141
18 45 209
18 46 206
18 47 222
18 48 200
18 49 120
18 50 172
18 51 192
18 52 187
18 53 200
18 54 170
18 55 294
18 56 220
18 57 203
18 58 169
18 59 219
19 0 251
19 1 163
19 2 138
19 3 153
19 4 277
19 5 279
19 6 222
19 7 256
19 8 258
19 9 96
19 10 202
19 11 165
19 12 188
19 13 190
19 14 142
19 15 75
19 16 127
19 17 135
19 18 0
19 20 72
19 21 98
19 22 95
19 23 69
19 24 174
19 25 152
19 26 178
19 27 135
19 28 179
19 29 178
19 30 201
19 31 187
19 32 151
19 33 258
19 34 184
19 35 216
19 36 182
19 37 185
19 38 146
19 39 222
19 40 217
19 41 92
19 42 226
19 43 207
19 44 141
19 45 209
19 46 206
19 47 222
19 48 200
19 49 120
19 50 172
19 51 192
19 52 187
19 53 200
19 54 170
19 55 294
19 56 220
19 57 203
19 58 169
19 59 219
20 0 235
20 1 195
20 2 94
20 3 194
20 4 292
20 5 294
20 6 209
20 7 242
20 8 244
20 9 134
20 10 285
20 11 197
20 12 167
20 13 160
20 14 109
20 15 137
20 16 159
20 17 96
20 18 170
20 19 170
20 21 26
20 22 23
20 23 97
20 24 206
20 25 282
20 26 210
20 27 167
20 28 165
20 29 164
20 30 196
20 31 157
20 32 281
20 33 309
20 34 170
20 35 203
20 36 159
20 37 161
20 38 178
20 39 198
20 40 249
20 41 124
20 42 173
20 43 194
20 44 104
20 45 238
20 46 238
20 47 209
20 48 283
20 49 152
20 50 134
20 51 178
20 52 174
20 53 187
20 54 132
20 55 280
20 56 206
20 57 198
20 58 131
20 59 166
21 0 209
21 1 169
21 2 62
21 3 168
21 4 254
21 5 256
21 6 170
21 7 204
21 8 206
21 9 108
21 10 259
21 11 171
21 12 141
21 13 134
21 14 66
21 15 204
21 16 133
21 17 59
21 18 144
21 19 144
21 20 175
21 22 151
21 23 172
21 24 180
21 25 256
21 26 184
21 27 141
21 28 127
21 29 126
21 30 162
21 31 131
21 32 255
21 33 283
21 34 132
21 35 164
21 36 133
21 37 135
21 38 152
21 39 172
21 40 223
21 41 98
21 42 150
21 43 168
21 44 65
21 45 212
21 46 212
21 47 170
21 48 257
21 49 126
21 50 96
21 51 140
21 52 135
21 53 161
21 54 94
21 55 242
21 56 168
21 57 164
21 58 93
21 59 143
22 0 212
22 1 172
22 2 65
22 3 171
22 4 257
22 5 259
22 6 173
22 7 207
22 8 209
22 9 111
22 10 262
22 11 174
22 12 144
22 13 137
22 14 69
22 15 207
22 16 136
22 17 62
22 18 147
22 19 147
22 20 178
22 21 3
22 23 175
22 24 183
22 25 259
22 26 187
22 27 144
22 28 130
22 29 129
22 30 165
22 31 134
22 32 258
22 33 286
22 34 135
22 35 167
22 36 136
22 37 138
22 38 155
22 39 175
22 40 226
22 41 101
22 42 153
22 43 171
22 44 68
22 45 215
22 46 215
22 47 173
22 48 260
22 49 129
22 50 99
22 51 143
22 52 138
22 53 164
22 54 97
22 55 245
22 56 171
22 57 167
22 58 96
22 59 146
23 0 238
23 1 198
23 2 97
23 3 197
23 4 295
23 5 297
23 6 212
23 7 245
23 8 247
23 9 137
23 10 288
23 11 200
23 12 170
23 13 163
23 14 112
23 15 140
23 16 162
23 17 99
23 18 173
23 19 173
23 20 3
23 21 29
23 22 26
23 24 209
23 25 285
23 26 213
23 27 170
23 28 168
23 29 167
23 30 198
23 31 160
23 32 284
23 33 312
23 34 173
23 35 206
23 36 162
23 37 164
23 38 181
23 39 201
23 40 252
23 41 127
23 42 175
23 43 197
23 44 107
23 45 241
23 46 241
23 47 212
23 48 286
23 49 155
23 50 137
23 51 181
23 52 177
23 53 190
23 54 135
23 55 283
23 56 209
23 57 200
23 58 134
23 59 168
24 0 174
24 1 135
24 2 211
24 3 166
24 4 200
24 5 202
24 6 146
24 7 205
24 8 214
24 9 148
24 10 79
24 11 137
24 12 161
24 13 162
24 14 216
24 15 204
24 16 140
24 17 209
24 18 129
24 19 129
24 20 201
24 21 227
24 22 224
24 23 198
24 25 95
24 26 4
24 27 121
24 28 187
24 29 186
24 30 209
24 31 159
24 32 94
24 33 103
24 34 185
24 35 205
24 36 154
24 37 157
24 38 118
24 39 194
24 40 140
24 41 166
24 42 225
24 43 215
24 44 201
24 45 132
24 46 129
24 47 146
24 48 77
24 49 133
24 50 170
24 51 177
24 52 181
24 53 208
24 54 172
24 55 250
24 56 228
24 57 211
24 58 173
24 59 217
25 0 168
25 1 80
25 2 116
25 3 71
25 4 194
25 5 196
25 6 135
25 7 169
25 8 171
25 9 53
25 10 171
25 11 82
25 12 105
25 13 114
25 14 121
25 15 246
25 16 45
25 17 114
25 18 168
25 19 168
25 20 167
25 21 146
25 22 143
25 23 164
25 24 92
25 26 96
25 27 53
25 28 92
25 29 91
25 30 114
25 31 111
25 32 158
25 33 195
25 34 97
25 35 129
25 36 99
25 37 102
25 38 63
25 39 139
25 40 134
25 41 99
25 42 130
25 43 120
25 44 106
25 45 126
25 46 123
25 47 135
25 48 169
25 49 38
25 50 75
25 51 105
25 52 100
25 53 113
25 54 77
25 55 207
25 56 133
25 57 116
25 58 78
25 59 122
26 0 170
26 1 131
26 2 207
26 3 162
26 4 196
26 5 198
26 6 142
26 7 201
26 8 210
26 9 144
26 10 75
26 11 133
26 12 157
26 13 158
26 14 212
26 15 200
26 16 136
26 17 205
26 18 125
26 19 125
26 20 197
26 21 223
26 22 220
26 23 194
26 24 156
26 25 91
26 27 117
26 28 183
26 29 182
26 30 205
26 31 155
26 32 90
26 33 99
26 34 181
26 35 201
26 36 150
26 37 153
26 38 114
26 39 190
26 40 136
26 41 162
26 42 221
26 43 211
26 44 197
26 45 128
26 46 125
26 47 142
26 48 73
26 49 129
26 50 166
26 51 173
26 52 177
26 53 204
26 54 168
26 55 246
26 56 224
26 57 207
26 58 169
26 59 213
27 0 116
27 1 137
27 2 203
27 3 196
27 4 142
27 5 144
27 6 88
27 7 147
27 8 156
27 9 203
27 10 118
27 11 139
27 12 162
27 13 162
27 14 208
27 15 243
27 16 179
27 17 201
27 18 168
27 19 168
27 20 240
27 21 266
27 22 263
27 23 237
27 24 39
27 25 134
27 26 43
27 28 132
27 29 132
27 30 211
27 31 159
27 32 133
27 33 142
27 34 127
27 35 147
27 36 156
27 37 159
27 38 157
27 39 129
27 40 82
27 41 205
27 42 210
27 43 183
27 44 193
27 45 74
27 46 71
27 47 88
27 48 116
27 49 172
27 50 162
27 51 119
27 52 123
27 53 193
27 54 164
27 55 192
27 56 177
27 57 213
27 58 165
27 59 203
28 0 96
28 1 118
28 2 71
28 3 108
28 4 127
28 5 129
28 6 44
28 7 77
28 8 79
28 9 111
28 10 181
28 11 120
28 12 84
28 13 74
28 14 76
28 15 214
28 16 108
28 17 69
28 18 147
28 19 147
28 20 179
28 21 158
28 22 155
28 23 176
28 24 103
28 25 196
28 26 107
28 27 116
28 29 1
28 30 80
28 31 72
28 32 195
28 33 205
28 34 5
28 35 38
28 36 76
28 37 79
28 38 127
28 39 72
28 40 150
28 41 101
28 42 96
28 43 86
28 44 61
28 45 112
28 46 139
28 47 44
28 48 179
28 49 129
28 50 31
28 51 13
28 52 9
28 53 79
28 54 33
28 55 115
28 56 41
28 57 82
28 58 34
28 59 88
29 0 97
29 1 119
29 2 71
29 3 108
29 4 128
29 5 130
29 6 44
29 7 78
29 8 80
29 9 110
29 10 182
29 11 121
29 12 84
29 13 74
29 14 75
29 15 213
29 16 108
29 17 69
29 18 146
29 19 146
29 20 178
29 21 157
29 22 154
29 23 175
29 24 104
29 25 196
29 26 108
29 27 116
29 28 1
29 30 79
29 31 72
29 32 195
29 33 206
29 34 6
29 35 38
29 36 76
29 37 79
29 38 127
29 39 73
29 40 151
29 41 100
29 42 95
29 43 85
29 44 61
29 45 113
29 46 140
29 47 44
29 48 180
29 49 128
29 50 30
29 51 14
29 52 9
29 53 78
29 54 32
29 55 116
29 56 42
29 57 81
29 58 33
29 59 87
30 0 155
30 1 173
30 2 139
30 3 138
30 4 186
30 5 188
30 6 103
30 7 93
30 8 96
30 9 147
30 10 240
30 11 175
30 12 113
30 13 104
30 14 144
30 15 282
30 16 137
30 17 137
30 18 215
30 19 215
30 20 247
30 21 226
30 22 223
30 23 244
30 24 162
30 25 226
30 26 166
30 27 145
30 28 68
30 29 69
30 31 101
30 32 225
30 33 264
30 34 64
30 35 68
30 36 105
30 37 108
30 38 156
30 39 131
30 40 209
30 41 169
30 42 150
30 43 123
30 44 129
30 45 171
30 46 198
30 47 103
30 48 238
30 49 197
30 50 99
30 51 72
30 52 68
30 53 133
30 54 101
30 55 132
30 56 31
30 57 2
30 58 102
30 59 143
31 0 159
31 1 72
31 2 213
31 3 37
31 4 185
31 5 187
31 6 131
31 7 190
31 8 199
31 9 140
31 10 155
31 11 74
31 12 97
31 13 3
31 14 217
31 15 233
31 16 36
31 17 211
31 18 158
31 19 159
31 20 230
31 21 233
31 22 230
31 23 227
31 24 83
31 25 125
31 26 87
31 27 44
31 28 141
31 29 142
31 30 212
31 32 124
31 33 186
31 34 136
31 35 157
31 36 91
31 37 94
31 38 55
31 39 131
31 40 125
31 41 196
31 42 228
31 43 226
31 44 203
31 45 117
31 46 114
31 47 131
31 48 153
31 49 163
31 50 172
31 51 139
31 52 133
31 53 211
31 54 174
31 55 235
31 56 187
31 57 214
31 58 175
31 59 220
32 0 170
32 1 82
32 2 117
32 3 73
32 4 196
32 5 198
32 6 136
32 7 170
32 8 172
32 9 55
32 10 173
32 11 84
32 12 107
32 13 115
32 14 122
32 15 248
32 16 47
32 17 115
32 18 170
32 19 170
32 20 169
32 21 148
32 22 145
32 23 166
32 24 94
32 25 2
32 26 98
32 27 55
32 28 93
32 29 92
32 30 116
32 31 112
32 33 197
32 34 98
32 35 130
32 36 101
32 37 104
32 38 65
32 39 141
32 40 136
32 41 101
32 42 132
32 43 122
32 44 107
32 45 128
32 46 125
32 47 136
32 48 171
32 49 40
32 50 76
32 51 106
32 52 101
32 53 115
32 54 78
32 55 208
32 56 134
32 57 118
32 58 79
32 59 124
33 0 72
33 1 93
33 2 158
33 3 152
33 4 97
33 5 99
33 6 43
33 7 102
33 8 111
33 9 159
33 10 181
33 11 95
33 12 118
33 13 118
33 14 163
33 15 301
33 16 152
33 17 156
33 18 231
33 19 231
33 20 273
33 21 252
33 22 249
33 23 270
33 24 102
33 25 197
33 26 107
33 27 160
33 28 87
33 29 87
33 30 166
33 31 115
33 32 196
33 34 82
33 35 102
33 36 112
33 37 115
33 38 171
33 39 84
33 40 38
33 41 187
33 42 165
33 43 138
33 44 148
33 45 30
33 46 26
33 47 43
33 48 179
33 49 215
33 50 117
33 51 74
33 52 78
33 53 148
33 54 119
33 55 147
33 56 132
33 57 168
33 58 120
33 59 158
34 0 91
34 1 113
34 2 76
34 3 90
34 4 122
34 5 124
34 6 39
34 7 72
34 8 74
34 9 99
34 10 176
34 11 115
34 12 65
34 13 56
34 14 81
34 15 219
34 16 90
34 17 74
34 18 152
34 19 152
34 20 184
34 21 163
34 22 160
34 23 181
34 24 98
34 25 178
34 26 102
34 27 98
34 28 5
34 29 6
34 30 85
34 31 53
34 32 177
34 33 200
34 35 20
34 36 57
34 37 60
34 38 109
34 39 67
34 40 145
34 41 106
34 42 101
34 43 101
34 44 66
34 45 107
34 46 134
34 47 39
34 48 174
34 49 134
34 50 36
34 51 8
34 52 4
34 53 84
34 54 38
34 55 110
34 56 36
34 57 87
34 58 39
34 59 93
35 0 114
35 1 106
35 2 155
35 3 70
35 4 184
35 5 186
35 6 118
35 7 152
35 8 154
35 9 80
35 10 188
35 11 108
35 12 46
35 13 36
35 14 160
35 15 266
35 16 70
35 17 153
35 18 191
35 19 192
35 20 194
35 21 173
35 22 170
35 23 191
35 24 117
35 25 158
35 26 121
35 27 78
35 28 90
35 29 91
35 30 153
35 31 34
35 32 157
35 33 220
35 34 85
35 36 38
35 37 41
35 38 89
35 39 77
35 40 159
35 41 126
35 42 169
35 43 159
35 44 145
35 45 117
35 46 148
35 47 118
35 48 186
35 49 155
35 50 114
35 51 88
35 52 82
35 53 152
35 54 116
35 55 190
35 56 136
35 57 155
35 58 117
35 59 161
36 0 76
36 1 98
36 2 208
36 3 156
36 4 147
36 5 149
36 6 93
36 7 152
36 8 161
36 9 163
36 10 161
36 11 100
36 12 123
36 13 122
36 14 213
36 15 286
36 16 156
36 17 206
36 18 211
36 19 211
36 20 277
36 21 256
36 22 253
36 23 274
36 24 82
36 25 177
36 26 86
36 27 164
36 28 137
36 29 137
36 30 216
36 31 119
36 32 176
36 33 185
36 34 132
36 35 152
36 37 3
36 38 175
36 39 39
36 40 130
36 41 209
36 42 215
36 43 188
36 44 198
36 45 80
36 46 119
36 47 93
36 48 159
36 49 215
36 50 167
36 51 124
36 52 128
36 53 198
36 54 169
36 55 197
36 56 182
36 57 218
36 58 170
36 59 208
37 0 74
37 1 96
37 2 205
37 3 154
37 4 144
37 5 146
37 6 90
37 7 149
37 8 158
37 9 161
37 10 159
37 11 98
37 12 121
37 13 120
37 14 210
37 15 284
37 16 154
37 17 203
37 18 209
37 19 209
37 20 275
37 21 254
37 22 251
37 23 272
37 24 80
37 25 175
37 26 84
37 27 162
37 28 134
37 29 134
37 30 213
37 31 117
37 32 174
37 33 183
37 34 129
37 35 149
37 36 115
37 38 173
37 39 37
37 40 128
37 41 207
37 42 212
37 43 185
37 44 195
37 45 77
37 46 117
37 47 90
37 48 157
37 49 213
37 50 164
37 51 121
37 52 125
37 53 195
37 54 166
37 55 194
37 56 179
37 57 215
37 58 167
37 59 205
38 0 113
38 1 17
38 2 159
38 3 78
38 4 183
38 5 185
38 6 115
38 7 149
38 8 151
38 9 85
38 10 196
38 11 19
38 12 43
38 13 44
38 14 163
38 15 278
38 16 78
38 17 157
38 18 199
38 19 200
38 20 199
38 21 178
38 22 175
38 23 196
38 24 119
38 25 166
38 26 123
38 27 86
38 28 87
38 29 88
38 30 157
38 31 41
38 32 165
38 33 222
38 34 82
38 35 103
38 36 36
38 37 39
38 39 76
38 40 167
38 41 131
38 42 173
38 43 163
38 44 149
38 45 116
38 46 156
38 47 115
38 48 194
38 49 160
38 50 118
38 51 85
38 52 79
38 53 156
38 54 120
38 55 187
38 56 133
38 57 159
38 58 121
38 59 165
39 0 119
39 1 141
39 2 168
39 3 182
39 4 107
39 5 109
39 6 53
39 7 112
39 8 121
39 9 191
39 10 204
39 11 143
39 12 157
39 13 148
39 14 173
39 15 311
39 16 182
39 17 166
39 18 243
39 19 243
39 20 275
39 21 254
39 22 251
39 23 272
39 24 125
39 25 220
39 26 129
39 27 190
39 28 97
39 29 97
39 30 176
39 31 145
39 32 219
39 33 228
39 34 92
39 35 112
39 36 149
39 37 152
39 38 201
39 40 173
39 41 197
39 42 175
39 43 148
39 44 158
39 45 40
39 46 162
39 47 53
39 48 202
39 49 225
39 50 127
39 51 84
39 52 88
39 53 158
39 54 129
39 55 157
39 56 142
39 57 178
39 58 130
39 59 168
40 0 34
40 1 56
40 2 196
40 3 114
40 4 172
40 5 174
40 6 118
40 7 177
40 8 186
40 9 121
40 10 143
40 11 58
40 12 81
40 13 80
40 14 201
40 15 268
40 16 114
40 17 194
40 18 193
40 19 193
40 20 235
40 21 214
40 22 211
40 23 232
40 24 64
40 25 159
40 26 69
40 27 122
40 28 126
40 29 127
40 30 194
40 31 77
40 32 158
40 33 167
40 34 121
40 35 142
40 36 75
40 37 78
40 38 133
40 39 115
40 41 167
40 42 210
40 43 200
40 44 186
40 45 104
40 46 101
40 47 118
40 48 141
40 49 196
40 50 155
40 51 124
40 52 118
40 53 193
40 54 157
40 55 222
40 56 172
40 57 196
40 58 158
40 59 202
41 0 159
41 1 71
41 2 111
41 3 61
41 4 185
41 5 187
41 6 130
41 7 164
41 8 166
41 9 49
41 10 161
41 11 73
41 12 96
41 13 98
41 14 116
41 15 242
41 16 35
41 17 109
41 18 182
41 19 183
41 20 163
41 21 142
41 22 139
41 23 160
41 24 82
41 25 149
41 26 86
41 27 43
41 28 87
41 29 86
41 30 109
41 31 95
41 32 148
41 33 185
41 34 92
41 35 124
41 36 90
41 37 93
41 38 54
41 39 130
41 40 125
41 42 125
41 43 115
41 44 101
41 45 117
41 46 114
41 47 130
41 48 159
41 49 28
41 50 70
41 51 100
41 52 95
41 53 108
41 54 72
41 55 202
41 56 128
41 57 111
41 58 73
41 59 117
42 0 154
42 1 142
42 2 47
42 3 132
42 4 185
42 5 187
42 6 101
42 7 135
42 8 137
42 9 81
42 10 232
42 11 144
42 12 134
42 13 128
42 14 51
42 15 192
42 16 106
42 17 44
42 18 117
42 19 117
42 20 148
42 21 127
42 22 124
42 23 145
42 24 153
42 25 220
42 26 157
42 27 114
42 28 58
42 29 57
42 30 89
42 31 125
42 32 219
42 33 256
42 34 63
42 35 95
42 36 126
42 37 129
42 38 125
42 39 130
42 40 196
42 41 71
42 43 95
42 44 37
42 45 188
42 46 185
42 47 102
42 48 230
42 49 99
42 50 27
42 51 71
42 52 67
42 53 88
42 54 25
42 55 173
42 56 99
42 57 91
42 58 24
42 59 97
43 0 181
43 1 169
43 2 74
43 3 159
43 4 199
43 5 201
43 6 128
43 7 158
43 8 161
43 9 108
43 10 259
43 11 171
43 12 161
43 13 155
43 14 78
43 15 219
43 16 133
43 17 71
43 18 144
43 19 144
43 20 175
43 21 154
43 22 151
43 23 172
43 24 180
43 25 247
43 26 184
43 27 141
43 28 85
43 29 84
43 30 64
43 31 152
43 32 246
43 33 283
43 34 90
43 35 122
43 36 153
43 37 156
43 38 152
43 39 157
43 40 223
43 41 98
43 42 27
43 44 64
43 45 215
43 46 212
43 47 129
43 48 257
43 49 126
43 50 54
43 51 98
43 52 94
43 53 10
43 54 52
43 55 170
43 56 96
43 57 66
43 58 51
43 59 19
44 0 158
44 1 155
44 2 10
44 3 145
44 4 189
44 5 191
44 6 105
44 7 138
44 8 140
44 9 94
44 10 243
44 11 157
44 12 145
44 13 135
44 14 15
44 15 153
44 16 119
44 17 8
44 18 130
44 19 130
44 20 158
44 21 140
44 22 137
44 23 155
44 24 165
44 25 233
44 26 169
44 27 127
44 28 61
44 29 61
44 30 93
44 31 133
44 32 232
44 33 267
44 34 66
44 35 99
44 36 137
44 37 140
44 38 138
44 39 134
44 40 209
44 41 84
44 42 109
44 43 99
44 45 174
44 46 198
44 47 105
44 48 241
44 49 112
44 50 31
44 51 74
44 52 70
44 53 92
44 54 28
44 55 176
44 56 103
44 57 95
44 58 27
44 59 101
45 0 80
45 1 102
45 2 129
45 3 143
45 4 68
45 5 70
45 6 14
45 7 73
45 8 82
45 9 152
45 10 165
45 11 104
45 12 118
45 13 109
45 14 134
45 15 272
45 16 143
45 17 127
45 18 204
45 19 204
45 20 236
45 21 215
45 22 212
45 23 233
45 24 86
45 25 181
45 26 90
45 27 151
45 28 58
45 29 58
45 30 137
45 31 106
45 32 180
45 33 189
45 34 53
45 35 73
45 36 110
45 37 113
45 38 162
45 39 55
45 40 134
45 41 158
45 42 136
45 43 109
45 44 119
45 46 123
45 47 14
45 48 163
45 49 186
45 50 88
45 51 45
45 52 49
45 53 119
45 54 90
45 55 118
45 56 103
45 57 139
45 58 91
45 59 129
46 0 83
46 1 105
46 2 132
46 3 146
46 4 71
46 5 73
46 6 17
46 7 76
46 8 85
46 9 155
46 10 168
46 11 107
46 12 121
46 13 112
46 14 137
46 15 275
46 16 146
46 17 130
46 18 207
46 19 207
46 20 239
46 21 218
46 22 215
46 23 236
46 24 89
46 25 184
46 26 93
46 27 154
46 28 61
46 29 61
46 30 140
46 31 109
46 32 183
46 33 192
46 34 56
46 35 76
46 36 113
46 37 116
46 38 165
46 39 58
46 40 137
46 41 161
46 42 139
46 43 112
46 44 122
46 45 4
46 47 17
46 48 166
46 49 189
46 50 91
46 51 48
46 52 52
46 53 122
46 54 93
46 55 121
46 56 106
46 57 142
46 58 94
46 59 132
47 0 66
47 1 88
47 2 115
47 3 129
47 4 83
47 5 85
47 6 0
47 7 88
47 8 97
47 9 138
47 10 151
47 11 90
47 12 104
47 13 95
47 14 120
47 15 258
47 16 129
47 17 113
47 18 191
47 19 191
47 20 223
47 21 202
47 22 199
47 23 220
47 24 72
47 25 167
47 26 76
47 27 137
47 28 44
47 29 44
47 30 124
47 31 92
47 32 166
47 33 175
47 34 39
47 35 59
47 36 96
47 37 99
47 38 148
47 39 41
47 40 120
47 41 145
47 42 140
47 43 124
47 44 105
47 45 81
47 46 109
47 48 149
47 49 173
47 50 74
47 51 31
47 52 35
47 53 123
47 54 77
47 55 133
47 56 89
47 57 126
47 58 78
47 59 132
48 0 160
48 1 59
48 2 200
48 3 120
48 4 186
48 5 188
48 6 132
48 7 190
48 8 192
48 9 127
48 10 3
48 11 61
48 12 84
48 13 86
48 14 204
48 15 287
48 16 120
48 17 198
48 18 212
48 19 212
48 20 241
48 21 220
48 22 217
48 23 238
48 24 83
48 25 178
48 26 87
48 27 44
48 28 128
48 29 129
48 30 199
48 31 83
48 32 177
48 33 186
48 34 123
48 35 144
48 36 78
48 37 81
48 38 41
48 39 118
48 40 126
48 41 173
48 42 215
48 43 205
48 44 190
48 45 118
48 46 115
48 47 132
48 49 202
48 50 159
48 51 126
48 52 120
48 53 198
48 54 161
48 55 228
48 56 174
48 57 201
48 58 162
48 59 207
49 0 130
49 1 43
49 2 184
49 3 33
49 4 156
49 5 158
49 6 102
49 7 161
49 8 170
49 9 111
49 10 133
49 11 45
49 12 68
49 13 70
49 14 188
49 15 229
49 16 7
49 17 182
49 18 154
49 19 155
49 20 225
49 21 204
49 22 201
49 23 222
49 24 54
49 25 121
49 26 58
49 27 15
49 28 112
49 29 113
49 30 183
49 31 67
49 32 120
49 33 157
49 34 107
49 35 128
49 36 62
49 37 65
49 38 26
49 39 102
49 40 96
49 41 157
49 42 199
49 43 197
49 44 174
49 45 88
49 46 85
49 47 102
49 48 131
49 50 143
49 51 110
49 52 104
49 53 182
49 54 145
49 55 206
49 56 158
49 57 185
49 58 146
49 59 191
50 0 127
50 1 141
50 2 41
50 3 138
50 4 158
50 5 160
50 6 74
50 7 108
50 8 110
50 9 80
50 10 212
50 11 143
50 12 114
50 13 104
50 14 45
50 15 183
50 16 105
50 17 39
50 18 116
50 19 116
50 20 148
50 21 127
50 22 124
50 23 145
50 24 134
50 25 226
50 26 138
50 27 113
50 28 31
50 29 30
50 30 62
50 31 102
50 32 225
50 33 236
50 34 36
50 35 68
50 36 106
50 37 109
50 38 124
50 39 103
50 40 181
50 41 70
50 42 78
50 43 68
50 44 31
50 45 143
50 46 170
50 47 74
50 48 210
50 49 98
50 51 44
50 52 39
50 53 61
50 54 2
50 55 146
50 56 72
50 57 64
50 58 3
50 59 70
51 0 83
51 1 105
51 2 84
51 3 98
51 4 114
51 5 116
51 6 31
51 7 64
51 8 66
51 9 107
51 10 168
51 11 107
51 12 73
51 13 64
51 14 89
51 15 227
51 16 98
51 17 82
51 18 160
51 19 160
51 20 192
51 21 171
51 22 168
51 23 189
51 24 90
51 25 184
51 26 94
51 27 106
51 28 13
51 29 14
51 30 93
51 31 61
51 32 183
51 33 192
51 34 8
51 35 28
51 36 65
51 37 68
51 38 117
51 39 59
51 40 137
51 41 114
51 42 120
51 43 93
51 44 74
51 45 99
51 46 126
51 47 31
51 48 166
51 49 142
51 50 44
51 52 4
51 53 103
51 54 46
51 55 102
51 56 59
51 57 95
51 58 47
51 59 113
52 0 88
52 1 110
52 2 80
52 3 94
52 4 118
52 5 120
52 6 35
52 7 68
52 8 70
52 9 103
52 10 173
52 11 112
52 12 69
52 13 60
52 14 85
52 15 223
52 16 94
52 17 78
52 18 156
52 19 156
52 20 188
52 21 167
52 22 164
52 23 185
52 24 95
52 25 182
52 26 99
52 27 102
52 28 9
52 29 9
52 30 89
52 31 57
52 32 181
52 33 197
52 34 4
52 35 24
52 36 61
52 37 64
52 38 113
52 39 64
52 40 142
52 41 110
52 42 105
52 43 97
52 44 70
52 45 104
52 46 131
52 47 35
52 48 171
52 49 138
52 50 39
52 51 4
52 53 88
52 54 42
52 55 106
52 56 54
52 57 91
52 58 43
52 59 97
53 0 171
53 1 159
53 2 64
53 3 149
53 4 202
53 5 204
53 6 118
53 7 148
53 8 151
53 9 98
53 10 249
53 11 161
53 12 151
53 13 145
53 14 68
53 15 209
53 16 123
53 17 61
53 18 134
53 19 134
53 20 165
53 21 144
53 22 141
53 23 162
53 24 170
53 25 237
53 26 174
53 27 131
53 28 75
53 29 74
53 30 54
53 31 142
53 32 236
53 33 273
53 34 80
53 35 112
53 36 143
53 37 146
53 38 142
53 39 147
53 40 213
53 41 88
53 42 17
53 43 88
53 44 54
53 45 205
53 46 202
53 47 119
53 48 247
53 49 116
53 50 44
53 51 88
53 52 84
53 54 42
53 55 187
53 56 86
53 57 56
53 58 41
53 59 10
54 0 129
54 1 139
54 2 39
54 3 129
54 4 160
54 5 162
54 6 77
54 7 110
54 8 112
54 9 78
54 10 214
54 11 141
54 12 116
54 13 106
54 14 43
54 15 181
54 16 103
54 17 36
54 18 114
54 19 114
54 20 146
54 21 125
54 22 122
54 23 143
54 24 136
54 25 217
54 26 140
54 27 111
54 28 33
54 29 32
54 30 64
54 31 104
54 32 216
54 33 238
54 34 38
54 35 70
54 36 108
54 37 111
54 38 122
54 39 105
54 40 183
54 41 68
54 42 80
54 43 70
54 44 28
54 45 145
54 46 172
54 47 77
54 48 212
54 49 96
54 50 2
54 51 46
54 52 42
54 53 63
54 55 148
54 56 74
54 57 66
54 58 1
54 59 72
55 0 207
55 1 196
55 2 100
55 3 186
55 4 238
55 5 240
55 6 154
55 7 184
55 8 187
55 9 135
55 10 286
55 11 198
55 12 188
55 13 182
55 14 104
55 15 246
55 16 160
55 17 97
55 18 171
55 19 171
55 20 202
55 21 181
55 22 178
55 23 199
55 24 207
55 25 274
55 26 211
55 27 168
55 28 111
55 29 110
55 30 90
55 31 179
55 32 273
55 33 310
55 34 116
55 35 148
55 36 180
55 37 183
55 38 179
55 39 183
55 40 250
55 41 125
55 42 54
55 43 40
55 44 90
55 45 242
55 46 239
55 47 155
55 48 284
55 49 153
55 50 80
55 51 124
55 52 120
55 53 37
55 54 78
55 56 122
55 57 92
55 58 77
55 59 46
56 0 235
56 1 263
56 2 166
56 3 227
56 4 173
56 5 175
56 6 192
56 7 62
56 8 65
56 9 200
56 10 320
56 11 265
56 12 202
56 13 193
56 14 170
56 15 311
56 16 227
56 17 163
56 18 236
56 19 236
56 20 268
56 21 247
56 22 244
56 23 265
56 24 241
56 25 315
56 26 245
56 27 235
56 28 157
56 29 158
56 30 156
56 31 190
56 32 314
56 33 344
56 34 153
56 35 157
56 36 194
56 37 197
56 38 246
56 39 210
56 40 289
56 41 190
56 42 119
56 43 92
56 44 156
56 45 250
56 46 278
56 47 192
56 48 318
56 49 218
56 50 146
56 51 161
56 52 157
56 53 102
56 54 144
56 55 101
56 57 158
56 58 143
56 59 112
57 0 153
57 1 171
57 2 137
57 3 136
57 4 184
57 5 186
57 6 101
57 7 91
57 8 94
57 9 145
57 10 238
57 11 173
57 12 111
57 13 102
57 14 142
57 15 280
57 16 135
57 17 135
57 18 213
57 19 213
57 20 245
57 21 224
57 22 221
57 23 242
57 24 160
57 25 224
57 26 164
57 27 143
57 28 66
57 29 67
57 30 146
57 31 99
57 32 223
57 33 262
57 34 62
57 35 66
57 36 103
57 37 106
57 38 154
57 39 129
57 40 207
57 41 167
57 42 148
57 43 121
57 44 127
57 45 169
57 46 196
57 47 101
57 48 236
57 49 195
57 50 97
57 51 70
57 52 66
57 53 131
57 54 99
57 55 130
57 56 29
57 58 100
57 59 141
58 0 130
58 1 138
58 2 38
58 3 128
58 4 161
58 5 163
58 6 78
58 7 111
58 8 113
58 9 77
58 10 215
58 11 140
58 12 117
58 13 107
58 14 42
58 15 180
58 16 102
58 17 35
58 18 113
58 19 113
58 20 145
58 21 124
58 22 121
58 23 142
58 24 137
58 25 216
58 26 141
58 27 110
58 28 34
58 29 33
58 30 65
58 31 105
58 32 215
58 33 239
58 34 39
58 35 71
58 36 109
58 37 112
58 38 121
58 39 106
58 40 184
58 41 67
58 42 81
58 43 71
58 44 27
58 45 146
58 46 173
58 47 78
58 48 213
58 49 95
58 50 3
58 51 47
58 52 43
58 53 64
58 54 1
58 55 149
58 56 75
58 57 67
58 59 73
59 0 161
59 1 149
59 2 54
59 3 139
59 4 192
59 5 194
59 6 108
59 7 142
59 8 144
59 9 88
59 10 239
59 11 151
59 12 142
59 13 136
59 14 58
59 15 200
59 16 113
59 17 51
59 18 125
59 19 125
59 20 156
59 21 135
59 22 132
59 23 153
59 24 160
59 25 227
59 26 164
59 27 121
59 28 65
59 29 64
59 30 96
59 31 133
59 32 226
59 33 263
59 34 70
59 35 102
59 36 134
59 37 137
59 38 132
59 39 137
59 40 203
59 41 78
59 42 8
59 43 102
59 44 44
59 45 195
59 46 192
59 47 109
59 48 237
59 49 106
59 50 34
59 51 78
59 52 74
59 53 95
59 54 32
59 55 180
59 56 106
59 57 98
59 58 31

45

3200
3200
3200
3200
3200
2400
3200
2400
2400
3200
3200
3200
3200
2400
3200
2400
3200
3200
3200
3200
3200
3200
3200
3200
2400
3200
2400
3200
3200
2400
2400
3200
2400
2400
3200
3200
3200
3200
3200
3200
2400
3200
2400
2400
3200
3200
3200
2400
3200
3200
2400
2400
3200
3200
3200
3200
3200
2400
3200
3200

54000
