-34.888326956253415,-56.2553215579974
-34.88757717675729,-56.256575873186996
-34.88453340075457,-56.24698436313225
-34.89154108373834,-56.25156066349434
-34.89409645938706,-56.25506155246507
-34.88650480656031,-56.26112700084566
-34.89387864670813,-56.2548336897889
-34.89380315636306,-56.25428715702767
-34.8863518216947,-56.25379637430391
-34.88542993838631,-56.253678345875976
-34.892780472956204,-56.247828421590846
-34.889948600919936,-56.253610644086905
-34.8850237805284,-56.25045979429177
-34.890577784607196,-56.25154094771856
-34.8866141741606,-56.26201424779506
-34.89124608459328,-56.25344569317811
-34.88816185703668,-56.25339698934557
-34.88839681121032,-56.25494884580541
-34.887469628579744,-56.24788776842838
-34.88760311666293,-56.24902427951434
-34.887905951438746,-56.25137475882314
-34.88692143178073,-56.251110105498086
-34.88569825252789,-56.24870276062284
-34.88718669390687,-56.253186942636965
-34.89275431585006,-56.25382603715918
-34.891105102656994,-56.24812823448665
-34.88627134362104,-56.24659643913434
-34.88513805070819,-56.25144363507805
-34.88648814816302,-56.24811557751055
-34.886636110738664,-56.25457077994318
-34.885915706127875,-56.250331319085305
-34.892717830377194,-56.246450036005335
-34.88922757184993,-56.24781702839708
-34.889322817257984,-56.24863693565915
-34.888414279934196,-56.24895987723585
-34.89173710043569,-56.246798255469635
-34.89213163648468,-56.24898089823447
-34.89250938540531,-56.25212097408062
-34.89022712894439,-56.2488304485566
-34.88809799896904,-56.25181075697649
-34.8862217808017,-56.25907220137978
-34.88531946742979,-56.253083461417596
-34.892450030803666,-56.25126787521313
-34.89438915448575,-56.25573745775711
-34.89284911597322,-56.2545803273322
-34.88575629364521,-56.26260008855945
-34.88659878238091,-56.26337249546583
-34.88550965807525,-56.24736941078606
-34.886685886282415,-56.2494707469788
-34.888695522592236,-56.25073287079717
-34.88831951307692,-56.24825210238319
-34.89376397296684,-56.24809461851951
-34.893866709631425,-56.24888999162034
-34.886012481755834,-56.251402877577775
-34.893014282391974,-56.24918336520213
-34.88950156964868,-56.249839115177345
-34.890679508737485,-56.252225107819456
-34.884283538726685,-56.25179061761594
-34.88635448036661,-56.26013250744846
-34.88661046218934,-56.26198839505876
-34.883754422782914,-56.24787784787852
-34.89410327441626,-56.25165763354036
-34.89350635236283,-56.25294369931678
-34.88768776838952,-56.249625786323904
-34.887187795501525,-56.254194353805794
-34.885569877661226,-56.25568566838673
-34.88973859301097,-56.25171928040943
-34.88444268224698,-56.25274121839185
-34.88466688466975,-56.248154051803695
-34.89006823971863,-56.25459396311769
-34.89360106108109,-56.246918849849685
-34.88404063496057,-56.24976930877724
-34.89286659765567,-56.24832683238073
-34.89001747192602,-56.24733175227485
-34.89170388135193,-56.2524689742018
-34.88484577881886,-56.25568046103396
-34.88467599029121,-56.25437334822993
-34.88936070523659,-56.252738498349565
-34.88901170304968,-56.25382397162049
-34.89080407306506,-56.24678124024183
-34.8866710718957,-56.26335883848252
-34.892568119797595,-56.251990587666754
-34.88722467366678,-56.246383521321924
-34.88993658504707,-56.24695988073232
-34.89391883208925,-56.24930484744061
-34.89135550751683,-56.24993377417958
-34.893610465196545,-56.2517658268242
-34.893835107717706,-56.254137355623755
-34.89354396693262,-56.25310866529348
-34.891286811595705,-56.249471165998386
-34.89415248422555,-56.25093115663841
-34.89415089577747,-56.25165248155496
-34.89360496660418,-56.24695626760277
-34.88462076558069,-56.25391441784133