-34.9123099837275,-56.14780578826778
-34.911896572765556,-56.14864752915888
-34.90926578858068,-56.15348549459272
-34.910246901197795,-56.14807132679739
-34.91490317944775,-56.14979006697229
-34.914769186983555,-56.15028802232985
-34.91440644938468,-56.14926430696065
-34.91459496755251,-56.15091636820324
-34.91413798444875,-56.1526112576613
-34.90943122539242,-56.15061993659042
-34.910715129663004,-56.14713050870993
-34.91209260842959,-56.14882172016768
-34.91309997686887,-56.14987750282803
-34.9105871290355,-56.14857494126565
-34.908988491638084,-56.15350085489949
-34.90753660368748,-56.15120458689876
-34.91047359548581,-56.14825167515699
-34.90947057790954,-56.153111221511004
-34.907170705116926,-56.14985915082595
-34.90714171831579,-56.149881560294915
-34.908036176843986,-56.15301648919836
-34.90932739051849,-56.15197428431158
-34.909031600155785,-56.152229086094295
-34.9077730223663,-56.15246859667388
-34.911761001280574,-56.14667302105721
-34.909249440118366,-56.148500629250215
-34.91144250170731,-56.146260351250554
-34.911261988542805,-56.14752106301517
-34.91194607155886,-56.151046962863305
-34.911862224271324,-56.15111362420752
-34.912413738675134,-56.15247509392085
-34.91076839875722,-56.14885122493531
-34.90914839061752,-56.14829820143247
-34.911909440519636,-56.14598185075819
-34.91266509087462,-56.15070847185097
-34.91149379871084,-56.149993762707986
-34.9125576503062,-56.148993197217315
-34.912828768327714,-56.148744015422956
-34.911400233051154,-56.14813792465367
-34.913411245641726,-56.148195954101006
-34.912730998857015,-56.14740735690984
-34.90930537512824,-56.14945501065175
-34.910865081962214,-56.152282307684246
-34.91365504698907,-56.15342738341542
-34.9104281795614,-56.152290590110894
-34.9139439802399,-56.148073519925966
-34.91346226220523,-56.1475311570218
-34.91431487319227,-56.14906814126644
-34.910571736157316,-56.14681668406235
-34.9097930134021,-56.148926427139756
-34.91119474962196,-56.151660258190844
-34.91361346129472,-56.14980652666282
-34.91310265634286,-56.150260608507786
-34.912625971212066,-56.153485123071334
-34.910903353313024,-56.151895938898036
-34.91331377748645,-56.15337826031792
-34.9138459167415,-56.15081123771178
-34.91252995848184,-56.152182174803784
-34.910861507115285,-56.1521445970863
-34.911589092614186,-56.153034730148605