./Greedy ../../ProblemInstances/instancias/A_DU_RM_CL_01.txt
Solucion: 
	L	68|28|47|82|60|31|35|72|54|52|61|88|44|74|3|85|89|13|66|23|41|9|75|17|16|1|14|59|38
	M	71|57|67|27|12|53|30|8|23|78|69|15|6|90|51|34|19|82|60|65|1|40|46
	X	71|67|93|29|0|17|11|77|56|13|38|63|33|25|79|47|22|53|84|87|43|5|59
	J	68|22|48|26|82|18|60|41|65|75|29|1|58|14|11|55|89|36|86|7
	V	12|27|53|57|76|8|20|49|66|69|15|24|37|62|42|85|32|92|1|80
	S	71|30|39|49|56|3|74|81|24|44|11|16|65|91|70|82|26|2|60|18
	D	83|73|38|25|32|50|10|88|77|69|15|13|55|21|64|5|59|45|4

Fitness: 40636

real    0m0.012s
user    0m0.009s
sys     0m0.001s
