./Greedy ../../ProblemInstances/instancias/C_DU_RM_CL_13.txt
Solucion: 
	L	50|78|107|58|13|5|64|59|9|95|39|25|22|67|106|71|33|30|32|66|0|86|42|62|55|82|112|102|45|90|101|16|89
	M	14|56|5|18|77|65|10|21|69|37|26|88|23|95|30|32|66|0|85|52|101|73|41|44|63|48|108|104
	X	7|69|37|31|29|70|32|42|87|91|65|2|1|20|106|95|56|12|61|79|51|45|18|101|24|83|111
	J	23|40|9|64|56|13|107|44|102|73|80|49|93|85|2|30|96|60|28|19|33|70|100
	V	94|14|43|99|76|45|62|105|110|80|32|65|2|86|20|70|29|37|7|25|57|54|101
	S	27|21|8|97|75|38|2|70|47|52|59|17|9|103|43|84|109|100|63|92|81|31|36|68
	D	74|23|3|29|35|34|66|46|11|47|72|85|53|18|79|65|6|106|98|40|58|4|89|101|15

Fitness: 32016

real    0m0.016s
user    0m0.013s
sys     0m0.002s
