./Greedy ../../ProblemInstances/instancias/CH_DU_RM_CL_03.txt
Solucion: 
	L	105|16|86|20|70|32|79|96|91|57|64|78|38|72|45|82|109|90|4|1|113|12|99|52|26|106|13
	M	31|103|76|1|105|110|12|99|21|84|86|106|62|114|5|51|28|56|90|18|68|15|44|81|72|95|36
	X	30|6|11|99|0|27|69|78|40|73|54|47|58|82|102|111|63|34|86|106|92|17|22
	J	19|61|1|93|85|24|67|33|72|112|37|89|43|53|101|15|8|104|96|29|50|81|109|76
	V	60|10|70|88|22|85|2|66|34|79|94|29|75|111|46|107|102|53|17|14|39|99
	S	59|103|74|3|110|71|78|89|41|116|48|14|7|84|35|65|23|56|97|100|29|18|108
	D	59|30|105|19|3|35|25|115|55|71|49|87|90|9|108|80|42|101|83|98|65|77|12

Fitness: 27910

real    0m0.020s
user    0m0.016s
sys     0m0.003s
